	d0_0	d0_1	d0_2	d0_3	d0_4	d0_5	d0_6	d0_7	d0_8	d0_9	d0_10	d0_11	d0_12	d0_13	d0_14	d0_15	d0_16	d0_17	d0_18
d1_0	0	0.0598558	0.0229966	0.011798	0.00672995	0.00412232	0.002655	0.00164046	0.00109613	0.000710775	0.000435195	0.000286319	0.000194984	0.000137648	7.64606e-05	4.31958e-05	3.06646e-05	2.01779e-05	1.01205e-05
d1_1	0.279979	0.00707136	0.00456172	0.00335643	0.00256804	0.00190353	0.00147593	0.00114147	0.000833387	0.000634731	0.000457517	0.000355248	0.000236703	0.000175596	0.000124458	8.07064e-05	5.36277e-05	3.3076e-05	2.17704e-05
d1_2	0.12385	0.00385131	0.00237409	0.00173609	0.00138499	0.00117716	0.000944006	0.000772633	0.000634894	0.000523727	0.000378688	0.000287022	0.000233802	0.000184875	0.000136374	0.000101168	6.26479e-05	3.36804e-05	2.5275e-05
d1_3	0.0729171	0.00270635	0.00148588	0.00112829	0.000857619	0.000785478	0.000657739	0.000556438	0.000454639	0.000409708	0.000339327	0.000255769	0.000209147	0.000181498	0.000123491	0.000107989	6.89871e-05	4.73958e-05	3.22321e-05
d1_4	0.0486061	0.00208837	0.00105197	0.000781346	0.000611023	0.000563388	0.000487887	0.000427272	0.000352154	0.000310892	0.000261214	0.000228155	0.000187679	0.000158837	0.000126417	0.000102355	7.85377e-05	5.00388e-05	3.67885e-05
d1_5	0.0346056	0.00178883	0.000815039	0.000587117	0.000455673	0.000393046	0.000354486	0.000318688	0.000274095	0.000242172	0.000214127	0.000194171	0.000174495	0.000156471	0.000111598	8.74667e-05	7.58887e-05	5.6048e-05	2.90081e-05
d1_6	0.02568	0.00154362	0.000715922	0.000462521	0.000357103	0.000312047	0.000280486	0.000254705	0.000225046	0.000227413	0.000169407	0.000161932	0.000149826	0.000115719	9.77065e-05	8.13649e-05	5.99377e-05	5.19723e-05	4.16394e-05
d1_7	0.0196633	0.00132833	0.000637605	0.000429811	0.000319201	0.000276497	0.000239186	0.000219693	0.00018568	0.000184433	0.000159732	0.000134894	0.000124452	0.000105834	8.90283e-05	7.26814e-05	5.81152e-05	5.04485e-05	4.29686e-05
d1_8	0.0155914	0.00119648	0.000566697	0.000371542	0.000294648	0.000236013	0.000215073	0.000182618	0.000177655	0.000163222	0.000119251	0.000133715	0.000115446	0.000129004	7.11151e-05	7.52082e-05	5.52846e-05	5.32769e-05	3.44833e-05
d1_9	0.0123625	0.00111422	0.000492866	0.000350721	0.00024397	0.000234632	0.000155742	0.000195106	0.000161111	0.000128259	0.000131041	0.000119792	0.000115091	9.39241e-05	7.77297e-05	7.90233e-05	5.9941e-05	6.8125e-05	3.62791e-05
d1_10	0.0101967	0.00102208	0.000455625	0.00028509	0.000222703	0.000208568	0.000174051	0.00016994	0.00013992	0.000137224	0.000113619	0.000111507	0.000114406	9.28176e-05	7.76935e-05	5.93245e-05	5.9207e-05	6.83928e-05	3.84404e-05
d1_11	0.00837262	0.00092931	0.000445754	0.000270702	0.000210629	0.000181392	0.000151301	0.000157851	0.000131622	0.000119604	0.000128473	0.000134144	8.75668e-05	8.369e-05	8.53058e-05	7.03852e-05	6.09579e-05	5.84601e-05	4.16286e-05
d1_12	0.00704168	0.000861452	0.000422348	0.000285093	0.000197962	0.000178338	0.000137645	0.000145142	0.000139796	0.000109569	0.000108537	0.00012523	0.000102378	8.07049e-05	6.82004e-05	5.85432e-05	6.78463e-05	4.96512e-05	4.67763e-05
d1_13	0.00589931	0.000788619	0.000394738	0.000270219	0.000202973	0.000163152	0.000161062	0.000136522	0.000137448	0.000124662	0.000112558	0.000113463	0.000105674	6.80731e-05	8.36905e-05	6.29275e-05	7.66126e-05	5.82968e-05	4.21104e-05
d1_14	0.00511006	0.000739989	0.000366504	0.00023072	0.00019015	0.000172028	0.000149163	0.000150182	0.000143854	0.000117762	0.000104741	0.000115345	0.000110832	7.90362e-05	7.56595e-05	7.52105e-05	6.35333e-05	7.24818e-05	7.82678e-05
d1_15	0.00434484	0.000697088	0.000342719	0.000250909	0.000224474	0.000153271	0.000146603	0.000141046	0.000136501	0.00011584	0.000111242	9.31203e-05	8.78304e-05	9.50337e-05	8.56198e-05	6.54443e-05	6.41302e-05	6.19185e-05	7.58462e-05
d1_16	0.00375215	0.000681478	0.000356724	0.000239225	0.000196263	0.000200682	0.000166802	0.000159465	0.000127696	0.000123849	0.000136556	0.000101864	8.6254e-05	7.91175e-05	6.85214e-05	7.29878e-05	6.22898e-05	6.99593e-05	5.92977e-05
d1_17	0.00325141	0.000637321	0.000335538	0.000223379	0.000178503	0.000169667	0.000168305	0.000147149	0.00013781	0.000126533	0.000126071	0.000107281	0.000109709	8.56301e-05	8.44223e-05	6.9956e-05	7.30075e-05	7.78108e-05	7.49449e-05
d1_18	0.00284925	0.000601686	0.000335257	0.000240733	0.000148922	0.000161704	0.000160912	0.000147635	0.000155458	0.000122857	0.000109471	0.000103025	8.06028e-05	8.80589e-05	6.97445e-05	9.86358e-05	9.22155e-05	7.61896e-05	7.4505e-05
d1_19	0.00259026	0.000573849	0.00029979	0.000222483	0.000193855	0.000186883	0.00016797	0.000159446	0.000152021	0.000113142	0.000139518	0.00011873	9.90314e-05	8.47582e-05	8.61153e-05	8.44681e-05	8.02686e-05	9.14465e-05	7.86953e-05
d1_20	0.00232996	0.000532009	0.000292393	0.00020463	0.000184325	0.000142938	0.000157876	0.000156693	0.000122785	0.000130438	0.000109063	0.000118563	9.07486e-05	8.91394e-05	7.33438e-05	8.08474e-05	9.09576e-05	8.30736e-05	9.80979e-05
d1_21	0.00210363	0.000502144	0.00027763	0.000218179	0.000203121	0.00017801	0.000155316	0.000136279	0.000123267	0.000139358	9.81651e-05	9.25262e-05	9.24501e-05	0.000119734	9.63276e-05	9.29493e-05	7.89636e-05	9.98778e-05	9.6043e-05
d1_22	0.00185577	0.00049854	0.000307012	0.000206879	0.000179818	0.000175406	0.000168491	0.000146457	0.00013675	0.000117209	0.000114735	0.000108707	0.000104133	0.000124406	0.000102305	9.1034e-05	7.77163e-05	7.11709e-05	9.43122e-05
d1_23	0.00163752	0.000429856	0.000305359	0.000195823	0.000163787	0.00018041	0.000146244	0.000128971	0.000135696	0.00012844	0.000114693	0.000106795	8.69985e-05	9.91608e-05	0.00010198	9.90568e-05	7.66873e-05	9.98745e-05	8.68827e-05
d1_24	0.00149758	0.000413435	0.000259288	0.000221733	0.000150738	0.000152486	0.000157132	0.000148181	0.00013477	0.000136784	0.000122495	0.000113284	0.000115404	0.0001162	9.41033e-05	0.000110206	0.00010022	7.75665e-05	9.83047e-05
d1_25	0.001335	0.000400421	0.000280148	0.000201503	0.000181378	0.000167739	0.000141467	0.000132091	0.00014443	0.000140123	0.000117996	0.000104379	9.41754e-05	0.000111677	9.66348e-05	8.62213e-05	9.6601e-05	0.000112471	0.000107379
d1_26	0.00125382	0.000417492	0.000254632	0.000204257	0.000173991	0.00015651	0.000136218	0.000120962	0.000117112	0.000107495	0.000104056	0.000121324	0.000118044	0.000110186	0.000102422	9.17767e-05	8.84877e-05	0.000105522	0.000149468
d1_27	0.00113082	0.000397648	0.000228644	0.000182178	0.00015384	0.000176721	0.000143912	0.000129327	0.000110573	0.000121334	0.000130383	0.000133864	0.000106191	0.000113531	0.000104168	0.00011536	9.334e-05	0.000110594	0.000142185
d1_28	0.00105528	0.00032923	0.000250372	0.00018542	0.000176977	0.000129969	0.000139024	0.000139493	0.000141316	0.000124667	0.000122196	0.000128051	0.000114237	9.80853e-05	0.000107984	9.6044e-05	0.0001176	0.000120113	0.000152169
d1_29	0.000926003	0.000329166	0.000242187	0.00016172	0.000137647	0.000143941	0.000158973	0.000151068	0.000123766	0.000130661	0.000131826	0.00011809	0.000118405	9.6849e-05	9.83161e-05	0.000120889	0.000117067	0.000115519	0.000150035
d1_30	0.000833456	0.000351779	0.000222289	0.000184298	0.000150217	0.000151679	0.000146583	0.00014047	0.000105959	0.000127771	0.000112892	0.000103222	0.000115406	0.000126645	0.000109152	0.000113352	0.00011964	0.000125355	0.000148127
d1_31	0.000772866	0.000356566	0.000204248	0.000189033	0.000159862	0.000152362	0.000135284	0.000150451	0.000149744	0.000129537	0.000113936	0.000137041	0.000101454	0.000109807	0.000117422	0.000107352	0.00011373	0.000137866	0.000159047
d1_32	0.000764848	0.000321573	0.000220072	0.000167501	0.000154399	0.000120573	0.000115541	0.000115945	0.000125193	0.000141885	0.000121063	0.000132485	0.000104439	0.000126912	0.000114233	0.000121434	9.72004e-05	0.000154462	0.000170409
d1_33	0.000733107	0.00028037	0.000203919	0.000193655	0.000153877	0.000140055	0.000150027	0.000143379	0.000125891	0.000148125	0.000141394	0.000133897	0.000113968	0.000115795	0.00010562	0.000124158	0.000120509	0.000130005	0.000186375
d1_34	0.000688422	0.00029024	0.00021962	0.000195899	0.000132081	0.000142384	0.000147112	0.000133267	0.000136714	0.000128945	0.000124152	0.000133043	0.000124801	0.0001165	0.000131612	0.000106259	0.000123364	0.000150516	9.11114e-05
d1_35	0.000596616	0.000289591	0.000221415	0.000159867	0.000145452	0.000127299	0.000123518	0.000150431	0.000149256	0.000136556	0.000124717	0.000140975	0.000126986	0.000126049	0.000109999	0.000123484	0.000135859	8.24027e-05	0
d1_36	0.000597532	0.000289371	0.000194052	0.000157509	0.000145866	0.000146293	0.000127968	0.000131007	0.000147273	0.000117166	0.000114923	0.00010489	0.00014039	0.000106509	0.000116839	0.000127979	6.20391e-05	0	0
d1_37	0.000570665	0.00025748	0.000194131	0.000147514	0.000145601	0.000137746	0.000128958	0.000121661	0.000122096	0.000150623	0.000120659	0.000124629	0.000116591	0.00010762	0.000125685	6.17138e-05	0	0	0
d1_38	0.00052853	0.000263128	0.000180688	0.000165354	0.000143664	0.000132005	0.000157607	0.000135998	0.000131895	0.000139336	0.000117187	0.000129026	0.000136941	0.000147156	6.16105e-05	0	0	0	0
d1_39	0.000476514	0.000212865	0.000164572	0.000171927	0.000117817	0.000142008	0.00012825	0.000137895	0.000142355	0.000116798	0.000136322	0.000127706	0.000122707	6.17938e-05	0	0	0	0	0
d1_40	0.000429694	0.000219489	0.000178657	0.000135634	0.000127857	0.000132594	0.000143615	0.000132642	0.000153032	0.000142326	0.000124128	0.000131873	6.33278e-05	0	0	0	0	0	0
d1_41	0.00043268	0.000219838	0.000168915	0.000134705	0.000154412	0.000136037	0.000111519	0.000119689	0.000121297	0.000112284	0.00013767	5.45144e-05	0	0	0	0	0	0	0
d1_42	0.000386196	0.000227368	0.000195284	0.000163482	0.000133067	0.00015164	0.000124628	0.000123423	0.000129457	0.000129047	6.42892e-05	0	0	0	0	0	0	0	0
d1_43	0.000349306	0.000223976	0.000165667	0.000141738	0.000142518	0.000166435	0.000133613	0.000134358	0.000139474	7.06702e-05	0	0	0	0	0	0	0	0	0
d1_44	0.00031076	0.000200053	0.000141051	0.000127397	0.000138941	9.87215e-05	0.00010552	0.000126832	6.42892e-05	0	0	0	0	0	0	0	0	0	0
d1_45	0.000284921	0.000189561	0.000164047	0.000119543	0.000123286	0.000134626	0.000120071	5.45144e-05	0	0	0	0	0	0	0	0	0	0	0
d1_46	0.000272007	0.000206872	0.00015691	0.000143839	0.000101837	0.000140672	6.33278e-05	0	0	0	0	0	0	0	0	0	0	0	0
d1_47	0.000264702	0.000183914	0.000158893	0.000119392	0.000141623	6.17938e-05	0	0	0	0	0	0	0	0	0	0	0	0	0
d1_48	0.000230647	0.000194522	0.000136089	0.000119388	6.16105e-05	0	0	0	0	0	0	0	0	0	0	0	0	0	0
d1_49	0.000249421	0.000151842	0.000137652	6.17138e-05	0	0	0	0	0	0	0	0	0	0	0	0	0	0	0
d1_50	0.00022403	0.000130935	6.20391e-05	0	0	0	0	0	0	0	0	0	0	0	0	0	0	0	0
d1_51	0.000227621	8.24027e-05	0	0	0	0	0	0	0	0	0	0	0	0	0	0	0	0	0
d1_52	9.11114e-05	0	0	0	0	0	0	0	0	0	0	0	0	0	0	0	0	0	0
d1_53	0	0	0	0	0	0	0	0	0	0	0	0	0	0	0	0	0	0	0
d1_54	0	0	0	0	0	0	0	0	0	0	0	0	0	0	0	0	0	0	0
d1_55	0	0	0	0	0	0	0	0	0	0	0	0	0	0	0	0	0	0	0
d1_56	0	0	0	0	0	0	0	0	0	0	0	0	0	0	0	0	0	0	0
d1_57	0	0	0	0	0	0	0	0	0	0	0	0	0	0	0	0	0	0	0
d1_58	0	0	0	0	0	0	0	0	0	0	0	0	0	0	0	0	0	0	0
d1_59	0	0	0	0	0	0	0	0	0	0	0	0	0	0	0	0	0	0	0
d1_60	0	0	0	0	0	0	0	0	0	0	0	0	0	0	0	0	0	0	0
d1_61	0	0	0	0	0	0	0	0	0	0	0	0	0	0	0	0	0	0	0
d1_62	0	0	0	0	0	0	0	0	0	0	0	0	0	0	0	0	0	0	0
d1_63	0	0	0	0	0	0	0	0	0	0	0	0	0	0	0	0	0	0	0
d1_64	0	0	0	0	0	0	0	0	0	0	0	0	0	0	0	0	0	0	0
d1_65	0	0	0	0	0	0	0	0	0	0	0	0	0	0	0	0	0	0	0
d1_66	0	0	0	0	0	0	0	0	0	0	0	0	0	0	0	0	0	0	0
d1_67	0	0	0	0	0	0	0	0	0	0	0	0	0	0	0	0	0	0	0
d1_68	0	0	0	0	0	0	0	0	0	0	0	0	0	0	0	0	0	0	0
d1_69	0	0	0	0	0	0	0	0	0	0	0	0	0	0	0	0	0	0	0
d1_70	0	0	0	0	0	0	0	0	0	0	0	0	0	0	0	0	0	0	0
d1_71	0	0	0	0	0	0	0	0	0	0	0	0	0	0	0	0	0	0	0
d1_72	0	0	0	0	0	0	0	0	0	0	0	0	0	0	0	0	0	0	0
d1_73	0	0	0	0	0	0	0	0	0	0	0	0	0	0	0	0	0	0	0
d1_74	0	0	0	0	0	0	0	0	0	0	0	0	0	0	0	0	0	0	0
d1_75	0	0	0	0	0	0	0	0	0	0	0	0	0	0	0	0	0	0	0
d1_76	0	0	0	0	0	0	0	0	0	0	0	0	0	0	0	0	0	0	0
d1_77	0	0	0	0	0	0	0	0	0	0	0	0	0	0	0	0	0	0	0
d1_78	0	0	0	0	0	0	0	0	0	0	0	0	0	0	0	0	0	0	0
d1_79	0	0	0	0	0	0	0	0	0	0	0	0	0	0	0	0	0	0	0
d1_80	0	0	0	0	0	0	0	0	0	0	0	0	0	0	0	0	0	0	0
d1_81	0	0	0	0	0	0	0	0	0	0	0	0	0	0	0	0	0	0	0
d1_82	0	0	0	0	0	0	0	0	0	0	0	0	0	0	0	0	0	0	0
d1_83	0	0	0	0	0	0	0	0	0	0	0	0	0	0	0	0	0	0	0
d1_84	0	0	0	0	0	0	0	0	0	0	0	0	0	0	0	0	0	0	0
d1_85	0	0	0	0	0	0	0	0	0	0	0	0	0	0	0	0	0	0	0
d1_86	0	0	0	0	0	0	0	0	0	0	0	0	0	0	0	0	0	0	0
