	d0_0	d0_1	d0_2	d0_3	d0_4	d0_5	d0_6	d0_7	d0_8	d0_9	d0_10	d0_11	d0_12	d0_13	d0_14	d0_15	d0_16	d0_17	d0_18	d0_19	d0_20
d1_0	0	0.0337238	0.012799	0.00607139	0.0031448	0.00171741	0.000948948	0.000535228	0.000308285	0.000174904	9.32767e-05	5.2147e-05	3.124e-05	1.49737e-05	7.75e-06	2.58326e-06	1.34031e-06	3.05598e-07	1.80515e-07	1.67743e-07	5.17995e-09
d1_1	0.359644	0.0076782	0.00467825	0.00290643	0.00191882	0.00124455	0.000830804	0.000540506	0.000367141	0.000217244	0.000140766	8.79906e-05	5.22116e-05	3.0404e-05	1.57282e-05	7.53858e-06	4.96151e-06	8.16839e-07	7.7601e-07	0	2.22056e-08
d1_2	0.145506	0.00547347	0.00348691	0.0023011	0.00161813	0.00111108	0.000789001	0.000563422	0.000366481	0.000275189	0.000172233	0.000113205	6.7578e-05	3.99539e-05	2.82248e-05	1.21524e-05	1.30207e-05	2.23251e-06	2.2935e-06	2.6655e-07	5.65935e-07
d1_3	0.0776306	0.0042177	0.00279277	0.00195094	0.00134599	0.000997062	0.000749158	0.000539926	0.0003816	0.000239787	0.000196229	0.000124598	8.37012e-05	5.03704e-05	2.95228e-05	2.07695e-05	1.42448e-05	6.45266e-06	1.16644e-06	9.17706e-07	2.19955e-07
d1_4	0.0465831	0.0033675	0.00230693	0.00161841	0.00116419	0.000904558	0.000688576	0.000498763	0.000387072	0.000277739	0.000193494	0.000146609	0.000102406	7.07396e-05	3.97868e-05	2.65929e-05	1.56303e-05	1.13628e-05	5.50888e-06	1.82192e-06	6.20779e-07
d1_5	0.0299323	0.00286151	0.00196438	0.00133598	0.00102678	0.000806816	0.00064212	0.000484337	0.000374345	0.000276506	0.000192556	0.000150648	0.000111557	7.33982e-05	4.83176e-05	3.56626e-05	2.18551e-05	1.10198e-05	6.76474e-06	2.48688e-06	5.05727e-07
d1_6	0.0201316	0.00228547	0.00157892	0.0012527	0.00095183	0.00073174	0.00060053	0.000467492	0.000365982	0.000299354	0.000228799	0.000159709	0.000119627	7.92414e-05	6.12299e-05	3.78389e-05	2.05978e-05	1.4283e-05	7.34103e-06	4.86734e-06	2.13901e-06
d1_7	0.0141509	0.00184607	0.00139245	0.0010439	0.000817106	0.000660981	0.000539612	0.000433265	0.000355305	0.000277347	0.000234973	0.000172593	0.000116684	8.92003e-05	7.21705e-05	4.95133e-05	2.80691e-05	1.3037e-05	8.99187e-06	4.88758e-06	2.01501e-06
d1_8	0.0101675	0.00160832	0.00116559	0.000942768	0.000738898	0.000608285	0.000514135	0.000420762	0.000338772	0.00028755	0.000218859	0.000157985	0.000130844	0.000105814	6.9043e-05	5.06699e-05	3.33975e-05	1.82213e-05	1.55505e-05	6.62828e-06	1.49754e-06
d1_9	0.00747182	0.0013748	0.00103951	0.000818902	0.000679141	0.000543034	0.000440036	0.000396245	0.000349524	0.000272525	0.000221537	0.000170517	0.000133331	0.000108718	8.44123e-05	5.28338e-05	3.34351e-05	2.07574e-05	1.81423e-05	6.44879e-06	2.03442e-06
d1_10	0.00566589	0.0012049	0.000879568	0.000700965	0.000597285	0.000501044	0.000431019	0.000371863	0.000310828	0.000262271	0.000215082	0.000169342	0.000130884	0.000106641	7.92404e-05	6.01498e-05	4.12964e-05	2.69171e-05	1.71054e-05	8.36098e-06	4.7937e-06
d1_11	0.00436014	0.00101895	0.000830285	0.000652011	0.000544793	0.00048037	0.000440591	0.000338503	0.000317937	0.000247743	0.000192424	0.000178151	0.000140963	0.000116814	8.38732e-05	6.47656e-05	4.19481e-05	2.31815e-05	1.62811e-05	1.00648e-05	7.17835e-06
d1_12	0.00337231	0.000875781	0.00068632	0.000575999	0.000498591	0.00043661	0.000378956	0.000319793	0.000299879	0.000253815	0.000210203	0.000184271	0.000127856	0.000119518	8.20059e-05	5.77957e-05	4.56315e-05	3.40521e-05	2.463e-05	1.54564e-05	6.14213e-06
d1_13	0.00268482	0.000787109	0.00063151	0.00051738	0.000460138	0.000424065	0.000355221	0.000318823	0.000274192	0.000237876	0.00020509	0.000158534	0.000138276	0.000125942	7.96537e-05	6.40861e-05	4.99368e-05	2.98104e-05	2.92722e-05	1.43703e-05	7.44654e-06
d1_14	0.00219191	0.000694543	0.000572103	0.000475905	0.000404329	0.000373497	0.000356619	0.000317004	0.000258451	0.000228246	0.000189481	0.00015453	0.000143431	0.000121229	9.69999e-05	7.86566e-05	6.00388e-05	4.26822e-05	2.74196e-05	1.16714e-05	1.06938e-05
d1_15	0.00176751	0.000608194	0.000502367	0.000459757	0.000398578	0.000366601	0.000336608	0.000296198	0.000267131	0.000230857	0.000177658	0.000167695	0.000139563	0.000131095	8.69377e-05	7.00141e-05	5.56845e-05	3.85098e-05	2.37075e-05	2.25215e-05	1.24276e-05
d1_16	0.00143883	0.000541989	0.000483052	0.000401021	0.000356711	0.000332497	0.000308228	0.000285988	0.000252746	0.000204392	0.000184566	0.000171123	0.000139939	0.000108151	8.73147e-05	8.45315e-05	6.53831e-05	4.42824e-05	4.08894e-05	1.64584e-05	8.6325e-06
d1_17	0.00121666	0.000494196	0.000420974	0.000392664	0.000319128	0.000322107	0.000282313	0.000272077	0.000223554	0.000207021	0.000189659	0.000175414	0.000142642	0.000128682	9.20857e-05	8.16201e-05	6.27087e-05	4.06208e-05	3.10371e-05	2.64095e-05	1.73136e-05
d1_18	0.00101984	0.000410972	0.000402498	0.000352916	0.00032328	0.000297812	0.000271963	0.000249253	0.000225206	0.000212221	0.000181988	0.000167229	0.000147269	0.000120353	0.000108006	7.50301e-05	7.78028e-05	4.71394e-05	3.67632e-05	2.22944e-05	1.34709e-05
d1_19	0.000851139	0.000399228	0.000366367	0.000305236	0.000283838	0.000288397	0.000268584	0.000269353	0.00025162	0.000204627	0.000180614	0.00016209	0.000135892	0.000128626	0.000100365	8.47341e-05	6.64661e-05	6.43556e-05	4.06528e-05	2.35533e-05	1.47586e-05
d1_20	0.00076532	0.000370102	0.000338432	0.000296193	0.0002791	0.000280235	0.00025576	0.000223256	0.000210495	0.000192473	0.000180972	0.000171351	0.000135565	0.000124796	0.00011068	9.29235e-05	7.16037e-05	5.85424e-05	4.0895e-05	3.15349e-05	1.68122e-05
d1_21	0.000599401	0.000317504	0.00030694	0.000256813	0.000251038	0.000253367	0.000224984	0.000217188	0.000200377	0.000200854	0.000184598	0.000163504	0.000140888	0.000120566	0.000100843	8.92683e-05	7.47947e-05	5.30861e-05	5.23805e-05	3.68249e-05	2.24886e-05
d1_22	0.000553435	0.000288426	0.000279428	0.000246292	0.000215367	0.000234345	0.000234851	0.000220398	0.000197411	0.000211472	0.000176493	0.000169218	0.000147896	0.000133876	0.00010021	0.000100997	6.51029e-05	5.73495e-05	6.30275e-05	4.1074e-05	2.34988e-05
d1_23	0.000492143	0.000281621	0.000275846	0.000249942	0.000244242	0.000238099	0.000225004	0.000217944	0.000223775	0.00018312	0.000173678	0.000170048	0.000143051	0.000138778	0.000116526	8.69808e-05	8.70566e-05	6.02545e-05	5.01244e-05	3.52817e-05	3.19775e-05
d1_24	0.000416216	0.000249656	0.000251973	0.000242687	0.000221956	0.000204841	0.000206138	0.000213768	0.000181416	0.000157075	0.000159073	0.00016148	0.000140897	0.00014942	0.000111413	0.000103838	8.099e-05	6.56769e-05	4.84075e-05	3.90948e-05	3.22847e-05
d1_25	0.000347709	0.00021358	0.000217299	0.000214022	0.000202274	0.000199053	0.000207139	0.000205585	0.000178131	0.000184334	0.000181879	0.00017043	0.000145814	0.000136683	0.000123832	9.98488e-05	7.54481e-05	7.63348e-05	6.219e-05	4.64854e-05	3.41151e-05
d1_26	0.000313232	0.000220115	0.00020947	0.000230149	0.000203123	0.000195834	0.000184891	0.00018807	0.000163566	0.000176806	0.000160887	0.000155996	0.000135261	0.000144343	0.000110912	0.000122692	9.34571e-05	8.59223e-05	5.67876e-05	4.9097e-05	1.48276e-05
d1_27	0.000298286	0.000174763	0.000185762	0.000201844	0.000210173	0.000197227	0.000203214	0.000199568	0.000201722	0.000174914	0.000152492	0.00015358	0.000132606	0.000133909	0.000118198	0.000105967	9.03288e-05	7.90435e-05	6.1695e-05	2.50015e-05	0
d1_28	0.000249266	0.000171446	0.000176188	0.000174509	0.00017892	0.000198581	0.000173036	0.000166461	0.000183141	0.000166136	0.000170803	0.000150688	0.000134669	0.000123747	0.000128108	0.000124688	0.000109164	7.6786e-05	3.2536e-05	0	0
d1_29	0.000214179	0.000149987	0.000171156	0.000189336	0.000178932	0.000172466	0.000187094	0.000186414	0.000166517	0.000170422	0.000151429	0.000157182	0.000144204	0.000125258	0.000116666	0.000127636	0.000111566	4.68638e-05	0	0	0
d1_30	0.000206763	0.000147952	0.000156679	0.000168196	0.00015726	0.000165439	0.000171649	0.000174165	0.000170738	0.000182879	0.000157759	0.000163388	0.000162579	0.000141964	0.000137829	0.000123489	4.88854e-05	0	0	0	0
d1_31	0.000166698	0.00015007	0.000162573	0.000157207	0.000167522	0.000180812	0.000165998	0.000175024	0.000141385	0.00017267	0.000148338	0.000167959	0.000154614	0.000161218	0.000148148	5.54306e-05	0	0	0	0	0
d1_32	0.000149694	0.000125393	0.000143845	0.00014781	0.000150843	0.000171678	0.000170523	0.000174968	0.000182036	0.000158302	0.000151826	0.000136089	0.000157858	0.000136252	6.62121e-05	0	0	0	0	0	0
d1_33	0.000141344	0.000107652	0.000144548	0.000136298	0.000149524	0.000169793	0.00016197	0.000169858	0.000166669	0.000149878	0.000169133	0.000168111	0.000167885	7.15709e-05	0	0	0	0	0	0	0
d1_34	0.000123908	0.00011546	0.000133059	0.000132193	0.000149171	0.000141808	0.000151628	0.000131329	0.000148819	0.000169946	0.000145444	0.000153873	7.79002e-05	0	0	0	0	0	0	0	0
d1_35	0.000113075	0.000101552	0.000128476	0.00011797	0.000133953	0.000133064	0.000136909	0.000142818	0.00014656	0.000178079	0.000153776	7.46396e-05	0	0	0	0	0	0	0	0	0
d1_36	0.00011338	9.618e-05	0.000122547	0.000127565	0.000133847	0.000133695	0.000133218	0.000155522	0.000148545	0.000155904	8.17996e-05	0	0	0	0	0	0	0	0	0	0
d1_37	9.63532e-05	9.01751e-05	9.5855e-05	0.000117547	0.000138658	0.000137066	0.000132154	0.000160542	0.000173722	7.46396e-05	0	0	0	0	0	0	0	0	0	0	0
d1_38	6.97883e-05	8.49209e-05	0.000100967	0.000108957	0.00012729	0.000117659	0.000130914	0.000147768	7.79002e-05	0	0	0	0	0	0	0	0	0	0	0	0
d1_39	7.08389e-05	7.63205e-05	9.14737e-05	0.000112299	0.000129189	0.000136499	0.000126483	7.15709e-05	0	0	0	0	0	0	0	0	0	0	0	0	0
d1_40	5.94406e-05	7.60819e-05	8.47165e-05	8.5982e-05	0.000104218	0.000124477	6.62121e-05	0	0	0	0	0	0	0	0	0	0	0	0	0	0
d1_41	6.42572e-05	6.42303e-05	9.38976e-05	8.41449e-05	0.000133217	5.54306e-05	0	0	0	0	0	0	0	0	0	0	0	0	0	0	0
d1_42	5.44034e-05	5.33227e-05	8.34604e-05	9.76619e-05	4.88854e-05	0	0	0	0	0	0	0	0	0	0	0	0	0	0	0	0
d1_43	5.77122e-05	6.84542e-05	6.49933e-05	4.68638e-05	0	0	0	0	0	0	0	0	0	0	0	0	0	0	0	0	0
d1_44	3.7514e-05	5.71374e-05	3.2536e-05	0	0	0	0	0	0	0	0	0	0	0	0	0	0	0	0	0	0
d1_45	4.11639e-05	2.50015e-05	0	0	0	0	0	0	0	0	0	0	0	0	0	0	0	0	0	0	0
d1_46	1.48276e-05	0	0	0	0	0	0	0	0	0	0	0	0	0	0	0	0	0	0	0	0
d1_47	0	0	0	0	0	0	0	0	0	0	0	0	0	0	0	0	0	0	0	0	0
d1_48	0	0	0	0	0	0	0	0	0	0	0	0	0	0	0	0	0	0	0	0	0
d1_49	0	0	0	0	0	0	0	0	0	0	0	0	0	0	0	0	0	0	0	0	0
d1_50	0	0	0	0	0	0	0	0	0	0	0	0	0	0	0	0	0	0	0	0	0
d1_51	0	0	0	0	0	0	0	0	0	0	0	0	0	0	0	0	0	0	0	0	0
d1_52	0	0	0	0	0	0	0	0	0	0	0	0	0	0	0	0	0	0	0	0	0
d1_53	0	0	0	0	0	0	0	0	0	0	0	0	0	0	0	0	0	0	0	0	0
d1_54	0	0	0	0	0	0	0	0	0	0	0	0	0	0	0	0	0	0	0	0	0
d1_55	0	0	0	0	0	0	0	0	0	0	0	0	0	0	0	0	0	0	0	0	0
d1_56	0	0	0	0	0	0	0	0	0	0	0	0	0	0	0	0	0	0	0	0	0
d1_57	0	0	0	0	0	0	0	0	0	0	0	0	0	0	0	0	0	0	0	0	0
d1_58	0	0	0	0	0	0	0	0	0	0	0	0	0	0	0	0	0	0	0	0	0
d1_59	0	0	0	0	0	0	0	0	0	0	0	0	0	0	0	0	0	0	0	0	0
d1_60	0	0	0	0	0	0	0	0	0	0	0	0	0	0	0	0	0	0	0	0	0
d1_61	0	0	0	0	0	0	0	0	0	0	0	0	0	0	0	0	0	0	0	0	0
d1_62	0	0	0	0	0	0	0	0	0	0	0	0	0	0	0	0	0	0	0	0	0
d1_63	0	0	0	0	0	0	0	0	0	0	0	0	0	0	0	0	0	0	0	0	0
d1_64	0	0	0	0	0	0	0	0	0	0	0	0	0	0	0	0	0	0	0	0	0
d1_65	0	0	0	0	0	0	0	0	0	0	0	0	0	0	0	0	0	0	0	0	0
d1_66	0	0	0	0	0	0	0	0	0	0	0	0	0	0	0	0	0	0	0	0	0
d1_67	0	0	0	0	0	0	0	0	0	0	0	0	0	0	0	0	0	0	0	0	0
d1_68	0	0	0	0	0	0	0	0	0	0	0	0	0	0	0	0	0	0	0	0	0
d1_69	0	0	0	0	0	0	0	0	0	0	0	0	0	0	0	0	0	0	0	0	0
d1_70	0	0	0	0	0	0	0	0	0	0	0	0	0	0	0	0	0	0	0	0	0
d1_71	0	0	0	0	0	0	0	0	0	0	0	0	0	0	0	0	0	0	0	0	0
d1_72	0	0	0	0	0	0	0	0	0	0	0	0	0	0	0	0	0	0	0	0	0
