0.000013  0.000013  0.999975
0.000012  0.000012  0.999975
0.000012  0.000012  0.999976
0.000020  0.004010  0.995970
0.000012  0.000012  0.999975
0.000012  0.000012  0.999976
0.000012  0.000012  0.999976
0.000013  0.340741  0.659245
0.000012  0.691167  0.308821
0.000012  0.000012  0.999976
0.000012  0.000012  0.999976
0.000012  0.693665  0.306323
0.000013  0.000013  0.999975
0.000012  0.000012  0.999975
0.000012  0.000012  0.999976
0.000012  0.000013  0.999975
0.000013  0.000013  0.999974
0.000013  0.000013  0.999975
0.000016  0.000016  0.999967
0.000013  0.000013  0.999973
0.000013  0.000013  0.999975
0.000013  0.000013  0.999974
0.000012  0.000012  0.999975
0.000013  0.000014  0.999973
0.000013  0.000013  0.999974
0.000012  0.697191  0.302797
0.000012  0.706522  0.293466
0.000013  0.686735  0.313252
0.000013  0.681415  0.318571
0.000013  0.689817  0.310171
0.000015  0.000015  0.999970
0.000012  0.000012  0.999976
0.000012  0.838150  0.161838
0.000012  0.852682  0.147306
0.000012  0.862260  0.137728
0.000012  0.846845  0.153143
0.000012  0.852646  0.147341
0.000012  0.863068  0.136920
0.000012  0.858545  0.141444
0.000012  0.000012  0.999975
0.000013  0.664261  0.335726
0.000017  0.668246  0.331737
0.000012  0.717171  0.282817
0.000013  0.589624  0.410363
0.000013  0.711199  0.288789
0.000013  0.708595  0.291393
0.000015  0.686395  0.313590
0.000012  0.721194  0.278794
0.000016  0.654298  0.345686
0.000012  0.717995  0.281993
0.000015  0.678007  0.321978
0.000013  0.710553  0.289434
0.000014  0.708071  0.291915
0.000012  0.699801  0.300187
0.000013  0.699573  0.300414
0.000012  0.713431  0.286557
0.000012  0.695351  0.304637
0.000015  0.690165  0.309820
0.000012  0.705060  0.294928
0.000013  0.699566  0.300420
0.000016  0.653425  0.346559
0.002539  0.682078  0.315383
0.000013  0.855341  0.144646
0.000012  0.705215  0.294772
0.000012  0.842681  0.157307
0.000016  0.670757  0.329227
0.000013  0.669260  0.330728
0.000013  0.673066  0.326921
0.000013  0.668519  0.331469
0.000013  0.689876  0.310111
0.000013  0.692044  0.307944
0.000013  0.681769  0.318218
0.000013  0.680676  0.319311
0.000012  0.684777  0.315211
0.000013  0.781466  0.218521
0.000014  0.787453  0.212533
0.000014  0.792673  0.207313
0.000013  0.801596  0.198390
0.000013  0.793474  0.206513
0.000013  0.811542  0.188445
0.000014  0.662453  0.337534
0.000013  0.685259  0.314728
0.000015  0.664727  0.335258
0.000014  0.674212  0.325774
0.000013  0.000013  0.999975
0.000013  0.669457  0.330530
0.000018  0.000018  0.999965
0.000012  0.000012  0.999976
0.000013  0.000013  0.999974
0.000013  0.000013  0.999975
0.000015  0.000015  0.999971
0.000018  0.053365  0.946616
0.000013  0.000013  0.999974
0.000012  0.000012  0.999976
0.000012  0.000012  0.999976
0.000012  0.000012  0.999976
0.000012  0.000012  0.999976
0.000012  0.000012  0.999976
0.000014  0.000014  0.999973
0.000012  0.000012  0.999976
0.000012  0.000012  0.999976
0.000012  0.000012  0.999976
0.000012  0.000012  0.999977
0.000012  0.000012  0.999976
0.000012  0.000012  0.999976
0.000012  0.000012  0.999976
0.000012  0.000012  0.999976
0.000012  0.000012  0.999976
0.000012  0.000012  0.999976
0.000014  0.000014  0.999972
0.000016  0.000016  0.999968
0.000012  0.000012  0.999975
0.000012  0.000012  0.999976
0.020049  0.000013  0.979937
0.000013  0.703845  0.296143
0.000020  0.645427  0.354553
0.000021  0.650714  0.349265
0.000015  0.800469  0.199516
0.000014  0.824050  0.175936
0.000014  0.811586  0.188399
0.000015  0.814877  0.185107
0.000019  0.799854  0.200127
0.000014  0.845947  0.154039
0.000014  0.810275  0.189711
0.000015  0.809586  0.190399
0.000013  0.814766  0.185221
0.999979  0.000010  0.000010
0.999977  0.000011  0.000011
0.999979  0.000010  0.000010
0.000012  0.999976  0.000012
0.000012  0.999976  0.000012
0.000015  0.999969  0.000015
0.000012  0.999977  0.000012
0.000017  0.999967  0.000016
0.999979  0.000011  0.000011
0.000016  0.999968  0.000016
0.999979  0.000010  0.000010
0.999976  0.000012  0.000012
0.999979  0.000010  0.000010
0.999978  0.000011  0.000011
0.999979  0.000011  0.000011
0.000012  0.999977  0.000011
0.000013  0.999973  0.000013
0.000016  0.999969  0.000015
0.000012  0.999976  0.000012
0.000012  0.999976  0.000012
0.000013  0.999975  0.000012
0.000014  0.999971  0.000014
0.000013  0.999973  0.000013
0.000013  0.999973  0.000014
