	d0_0	d0_1	d0_2	d0_3	d0_4	d0_5	d0_6	d0_7	d0_8	d0_9	d0_10	d0_11	d0_12	d0_13	d0_14	d0_15	d0_16	d0_17	d0_18	d0_19	d0_20	d0_21	d0_22	d0_23	d0_24	d0_25	d0_26	d0_27	d0_28	d0_29	d0_30	d0_31	d0_32
d1_0	0	0.147619	0.0441201	0.0179671	0.00834103	0.00408245	0.00208894	0.00110131	0.000604746	0.000323491	0.000171591	9.77654e-05	5.90076e-05	3.69442e-05	1.92071e-05	9.39024e-06	4.1928e-06	9.80166e-07	1.63718e-06	2.18028e-06	1.36808e-06	2.60586e-07	1.80652e-07	0	0	1.06604e-08	0	0	0	0	0	0	0
d1_1	0.211398	0.0275015	0.0133531	0.00779706	0.00475438	0.00307295	0.001853	0.00113021	0.000713054	0.000439931	0.000275766	0.000165354	9.92507e-05	6.54362e-05	3.33639e-05	1.83214e-05	1.40982e-05	8.10566e-06	4.9516e-06	4.6805e-06	2.15778e-06	0	5.87035e-07	1.4658e-07	0	1.17264e-07	0	2.9316e-08	0	1.56352e-07	0	0	0
d1_2	0.0871283	0.0149538	0.00704104	0.00437243	0.00293325	0.00203642	0.0014542	0.00101979	0.000719411	0.00045904	0.000332777	0.000205477	0.000145591	9.51773e-05	5.83265e-05	3.86904e-05	2.66328e-05	1.03634e-05	9.83807e-06	2.01427e-06	1.6922e-06	1.13205e-06	2.19894e-06	7.04464e-07	0	0	0	0	0	0	0	0	0
d1_3	0.0476541	0.0100603	0.00440269	0.00268286	0.00189276	0.00148106	0.00112264	0.00085212	0.000572462	0.000419783	0.00028778	0.000216408	0.000158099	0.000104568	7.02952e-05	4.79114e-05	2.8704e-05	1.63542e-05	1.3439e-05	8.73154e-06	5.12574e-06	2.48673e-06	2.60894e-06	1.29434e-07	2.36461e-07	2.58274e-07	0	2.04746e-06	0	0	0	0	0
d1_4	0.0295281	0.00741971	0.00310022	0.00177123	0.00127663	0.00100354	0.000790922	0.000651854	0.000503582	0.000358886	0.000310891	0.000242302	0.000170855	0.000119072	8.98821e-05	5.32402e-05	3.5355e-05	3.09642e-05	1.82825e-05	1.01146e-05	4.50901e-06	5.72952e-06	3.51089e-06	5.28576e-07	4.4048e-07	1.51305e-07	3.9088e-07	0	0	0	0	0	0
d1_5	0.0199066	0.00583644	0.00229672	0.00129913	0.000901802	0.000712279	0.000564915	0.000494613	0.000387519	0.000321849	0.000255378	0.000211782	0.000152723	0.000128225	9.90595e-05	6.74526e-05	4.56049e-05	3.41694e-05	3.03449e-05	1.83996e-05	1.26183e-05	5.10994e-06	2.60885e-06	2.36307e-06	1.17027e-06	7.60819e-07	3.23453e-06	2.9316e-07	1.36808e-06	0	0	0	0
d1_6	0.0140512	0.00481046	0.00195545	0.00102002	0.000687732	0.000567119	0.000449176	0.000408899	0.000342798	0.000274955	0.000212443	0.000189269	0.000144682	0.000115388	0.000102953	6.01603e-05	3.48739e-05	3.4218e-05	2.51352e-05	1.73053e-05	1.1853e-05	6.83816e-06	7.17497e-06	1.6006e-06	9.96743e-07	4.22103e-06	6.51466e-08	0	1.47646e-06	0	0	0	0
d1_7	0.0102396	0.00406646	0.00173109	0.00085854	0.000542299	0.000443211	0.000367276	0.000334794	0.00030293	0.000250781	0.000231563	0.000172688	0.000141944	0.000110763	8.74969e-05	6.87377e-05	5.3248e-05	4.9535e-05	2.73355e-05	2.14476e-05	1.25482e-05	1.59953e-05	8.44253e-06	6.2799e-06	4.12099e-06	1.44606e-06	4.886e-08	4.60172e-07	2.08004e-06	0	0	0	0
d1_8	0.00766733	0.00347543	0.00152316	0.000764853	0.000472201	0.000377151	0.000345463	0.000285872	0.000235082	0.000206159	0.000188005	0.000164395	0.00013847	0.000103478	9.08625e-05	6.82227e-05	5.36799e-05	4.71942e-05	3.14716e-05	2.31077e-05	1.78418e-05	6.24432e-06	5.53112e-06	9.70982e-06	5.27126e-06	6.99934e-07	1.49511e-06	2.05212e-07	0	0	0	0	0
d1_9	0.00586281	0.00295592	0.00140142	0.000713832	0.000457298	0.000352987	0.000285084	0.000263439	0.000223501	0.000208309	0.000198974	0.000148453	0.000130611	0.000118668	9.03784e-05	6.50484e-05	6.61561e-05	3.94531e-05	3.12927e-05	2.26939e-05	1.31579e-05	1.36779e-05	1.46209e-05	6.59051e-06	4.25416e-06	5.15356e-06	1.62215e-06	2.95952e-07	1.83713e-06	0	0	0	0
d1_10	0.00446705	0.00252567	0.0012411	0.000631921	0.000416941	0.000328103	0.000299153	0.00023788	0.000221094	0.000183624	0.000161662	0.000159999	0.000154028	9.85347e-05	8.1713e-05	7.90435e-05	6.07168e-05	5.50998e-05	4.12606e-05	2.70387e-05	2.21069e-05	1.73282e-05	1.38556e-05	4.83106e-06	5.6175e-06	1.88134e-06	1.7799e-06	5.74644e-07	0	0	0	0	0
d1_11	0.00344116	0.00219111	0.00110322	0.000632539	0.00040868	0.000322905	0.000243684	0.000228214	0.000201824	0.000162309	0.000160505	0.0001603	0.000124619	9.96464e-05	0.00010168	7.26296e-05	6.75178e-05	5.18068e-05	3.8372e-05	2.22142e-05	2.63631e-05	1.37007e-05	1.29033e-05	1.19278e-05	6.87343e-06	2.38995e-06	1.02466e-06	1.10098e-06	4.16938e-07	1.9544e-07	1.75896e-06	0	0
d1_12	0.002758	0.00185402	0.00107248	0.0006025	0.000370412	0.000317314	0.000267597	0.000202135	0.000206261	0.000165757	0.000148634	0.000121542	0.000109957	0.000101604	9.14593e-05	6.64846e-05	5.88072e-05	4.9444e-05	4.39492e-05	3.09801e-05	2.30445e-05	1.66161e-05	1.47201e-05	8.60819e-06	1.02397e-05	3.37646e-06	1.26105e-06	3.02746e-06	7.11959e-07	3.9088e-08	0	5.86319e-08	0
d1_13	0.00213122	0.00167383	0.000977316	0.000572168	0.000388518	0.000307007	0.000233652	0.00021427	0.000203067	0.000187189	0.000155375	0.000153463	0.000123565	0.000124522	9.80322e-05	7.45554e-05	7.70687e-05	4.51877e-05	3.76346e-05	4.05936e-05	1.88407e-05	2.63698e-05	1.00173e-05	1.34246e-05	4.18055e-06	5.01675e-06	6.62401e-06	4.67473e-06	1.86785e-06	0	2.9316e-07	0	0
d1_14	0.00178104	0.00138191	0.000865174	0.000508159	0.000370451	0.000277784	0.000236157	0.000201907	0.000214596	0.000176882	0.000152465	0.000140621	0.000106468	0.000119164	8.84787e-05	8.91177e-05	7.7368e-05	6.02315e-05	4.19062e-05	4.72569e-05	3.53974e-05	1.49523e-05	2.23022e-05	1.467e-05	7.0833e-06	7.97809e-06	7.12378e-06	5.66775e-06	7.91531e-07	4.188e-07	0	0	0
d1_15	0.0013908	0.00123002	0.000803919	0.000556301	0.000341389	0.000250381	0.000262187	0.000216879	0.000186666	0.000194464	0.000175149	0.000147831	0.000139343	0.000126922	9.82159e-05	7.79589e-05	6.93953e-05	5.05127e-05	4.97978e-05	4.03359e-05	2.57525e-05	2.90159e-05	1.84915e-05	1.69252e-05	1.39679e-05	6.85017e-06	1.18427e-06	6.19358e-06	1.90829e-06	1.90414e-06	5.86319e-07	1.9544e-07	0
d1_16	0.00111819	0.00107171	0.000742136	0.000494257	0.000325885	0.000270158	0.000229319	0.000210737	0.00018132	0.000185836	0.000143207	0.000144317	9.58203e-05	0.000130236	9.41804e-05	7.57667e-05	6.01929e-05	6.3242e-05	4.12271e-05	4.01739e-05	3.25295e-05	2.50261e-05	2.23629e-05	2.10344e-05	1.47068e-05	4.9676e-06	7.78591e-06	1.22418e-06	3.21173e-06	8.79479e-08	2.9316e-07	5.86319e-08	0
d1_17	0.000905431	0.000900558	0.000654454	0.000480208	0.000312274	0.000270155	0.000206543	0.000189499	0.000205472	0.000185844	0.000161762	0.000161321	0.000122816	0.000106505	0.000106629	8.50464e-05	6.46519e-05	6.61027e-05	6.68951e-05	3.80314e-05	3.92741e-05	3.47273e-05	1.94611e-05	1.6382e-05	1.45603e-05	9.54168e-06	5.17399e-06	2.95772e-06	2.99775e-06	3.22476e-06	1.56352e-07	0	0
d1_18	0.00072347	0.000791446	0.000615115	0.000452028	0.000296562	0.000246602	0.00021942	0.000200532	0.000181818	0.00019275	0.000161269	0.000151898	0.000140314	0.000128251	0.000109113	8.79989e-05	8.25301e-05	7.01136e-05	5.79644e-05	4.68526e-05	3.54954e-05	4.16761e-05	4.07883e-05	1.71894e-05	1.40223e-05	8.49004e-06	4.14705e-06	6.34174e-06	9.36715e-07	1.48255e-06	4.3974e-07	0	2.9316e-07
d1_19	0.000605753	0.000657759	0.000567886	0.000381068	0.000288064	0.000241806	0.000218365	0.000208283	0.000180885	0.000191002	0.000169823	0.00015492	0.000124899	0.000116393	0.000122549	9.68585e-05	9.60142e-05	5.83614e-05	6.2782e-05	5.8357e-05	4.32845e-05	2.75723e-05	2.9591e-05	2.33029e-05	1.47184e-05	1.30274e-05	4.54258e-06	3.33876e-06	4.73942e-06	2.3504e-06	2.21685e-06	0	0
d1_20	0.00047289	0.000577588	0.00048835	0.000365026	0.000300629	0.000224086	0.000203753	0.000184288	0.000191982	0.000166	0.000163852	0.000135767	0.000138625	0.000117446	0.000123631	8.52862e-05	0.000101995	7.83239e-05	5.13481e-05	6.67854e-05	4.44217e-05	3.24798e-05	2.65292e-05	2.37692e-05	1.98451e-05	1.34463e-05	1.04309e-05	7.09586e-06	5.50721e-06	4.13914e-06	8.26854e-07	2.73616e-07	0
d1_21	0.000379635	0.000486111	0.000440289	0.000302618	0.000275052	0.00023055	0.000193658	0.000172885	0.00019135	0.000157812	0.000156725	0.000148834	0.00013075	0.00011881	9.8723e-05	0.000102535	8.48987e-05	8.89196e-05	6.39673e-05	5.23984e-05	5.68888e-05	4.92327e-05	3.41968e-05	2.47711e-05	8.92974e-06	1.27552e-05	1.08073e-05	7.17344e-06	2.54533e-06	8.74432e-07	4.57888e-07	3.21359e-06	0
d1_22	0.000333655	0.000426979	0.000397177	0.000329239	0.000270443	0.000215827	0.000219464	0.000194035	0.000192009	0.000166381	0.000158101	0.000155571	0.000138954	0.000122027	0.000111702	8.37778e-05	9.37468e-05	8.81223e-05	7.63954e-05	6.07725e-05	4.42117e-05	5.52853e-05	4.2798e-05	4.31694e-05	1.9983e-05	2.32275e-05	1.69669e-05	1.26663e-05	2.97957e-06	5.59055e-06	3.61266e-06	1.17264e-07	0
d1_23	0.000276452	0.000362555	0.000369425	0.000315887	0.000241387	0.000212061	0.000198006	0.000173813	0.000181885	0.000180536	0.000146267	0.000145488	0.000133465	0.000132782	0.000130054	0.000105927	8.4831e-05	8.56595e-05	6.15203e-05	6.6524e-05	7.07292e-05	6.24155e-05	2.65942e-05	3.75887e-05	2.21508e-05	1.68766e-05	1.47976e-05	1.0336e-05	9.57115e-06	4.8008e-06	1.50062e-06	4.886e-07	0
d1_24	0.00022947	0.000311288	0.00031968	0.000302736	0.000235587	0.000221079	0.00017665	0.000180076	0.000174786	0.000157116	0.000145815	0.000133894	0.000168875	0.000118838	0.000116412	0.000114578	9.52442e-05	8.90549e-05	7.80721e-05	7.05781e-05	5.94584e-05	4.55155e-05	3.26426e-05	3.20279e-05	2.2927e-05	2.09795e-05	2.04785e-05	1.66739e-05	1.04473e-05	6.85479e-06	7.35739e-07	7.23127e-07	0
d1_25	0.000177393	0.000282403	0.000254548	0.000251737	0.000206144	0.000185264	0.000181818	0.000183646	0.000169989	0.000161218	0.00017511	0.000137368	0.000112803	0.000135109	0.000109511	0.00012243	9.61134e-05	9.25644e-05	6.72621e-05	7.46588e-05	6.22639e-05	4.90469e-05	4.23884e-05	4.10191e-05	3.4335e-05	2.31861e-05	1.89196e-05	9.51896e-06	7.9269e-06	1.892e-06	2.0228e-06	1.43509e-06	0
d1_26	0.000147819	0.000240977	0.000266018	0.00023141	0.000206724	0.000173088	0.000178071	0.000186569	0.000186872	0.000174123	0.000152587	0.000161192	0.000129661	0.000137447	0.000134148	9.6587e-05	0.000107167	8.73684e-05	8.21982e-05	6.41457e-05	5.48836e-05	5.57991e-05	5.67191e-05	4.83076e-05	2.05574e-05	2.56811e-05	2.04256e-05	1.48047e-05	1.0247e-05	7.42117e-06	4.08141e-06	2.37599e-06	1.8846e-06
d1_27	0.000113281	0.000216264	0.000230886	0.00022962	0.000189068	0.000193003	0.000170442	0.000163947	0.000160605	0.000152336	0.00016025	0.000130836	0.000126997	0.000115855	0.000148854	0.00011381	0.000106432	8.52026e-05	6.89596e-05	7.96335e-05	6.66175e-05	5.50065e-05	4.81736e-05	3.8101e-05	4.16833e-05	2.4236e-05	2.25745e-05	2.19009e-05	9.35937e-06	9.95507e-06	7.27544e-06	2.1517e-06	0
d1_28	9.96438e-05	0.000186367	0.000203922	0.000209892	0.000169246	0.00016932	0.00018377	0.000158798	0.000166939	0.00016112	0.000150414	0.000137685	0.000155719	0.000130934	0.000111611	0.000104423	0.000105431	9.52728e-05	7.3167e-05	6.63542e-05	8.18133e-05	6.56384e-05	5.17804e-05	3.4973e-05	3.11568e-05	2.63802e-05	2.49465e-05	1.6872e-05	1.24783e-05	1.03174e-05	2.20783e-06	3.15689e-07	0
d1_29	7.45614e-05	0.000158451	0.000197514	0.00019326	0.000153044	0.000151111	0.000144884	0.000139085	0.000151885	0.000155234	0.000147602	0.000147459	0.000154468	0.000134371	0.00013036	0.000128859	0.000104479	0.000108655	8.93193e-05	8.53686e-05	6.7951e-05	5.93512e-05	5.24648e-05	5.51977e-05	4.60022e-05	3.04311e-05	2.46046e-05	1.73419e-05	1.25488e-05	8.06134e-06	2.74686e-06	0	0
d1_30	7.33713e-05	0.000126472	0.000164417	0.000186749	0.000145245	0.000140813	0.000149743	0.000167945	0.0001516	0.000154581	0.000124315	0.000142034	0.000147487	0.000119526	0.000128248	0.00011733	9.69239e-05	0.000107009	0.000104656	9.54149e-05	7.14918e-05	6.02186e-05	5.78823e-05	5.7888e-05	4.13855e-05	4.18031e-05	2.71836e-05	2.25148e-05	1.16876e-05	6.58979e-06	0	0	0
d1_31	5.53149e-05	0.000120091	0.000176065	0.000149049	0.000159748	0.000157949	0.000142853	0.000152928	0.000131595	0.00013513	0.000122051	0.000137011	0.000159498	0.000135907	0.000152383	0.000129015	0.000123352	9.11438e-05	8.98245e-05	8.64797e-05	7.18091e-05	6.15933e-05	6.57827e-05	4.65257e-05	4.61319e-05	4.34265e-05	2.51416e-05	2.19931e-05	8.03155e-06	0	0	0	0
d1_32	4.68334e-05	0.000104291	0.000131753	0.000137436	0.000171223	0.0001438	0.000134406	0.00013802	0.000142957	0.000142754	0.000121727	0.000168224	0.000133306	0.000168178	0.000112331	0.000124819	0.000136393	0.000114704	8.75721e-05	9.90772e-05	6.6041e-05	6.58976e-05	7.47642e-05	5.55629e-05	4.94409e-05	4.99088e-05	3.18446e-05	1.21811e-05	0	0	0	0	0
d1_33	3.82762e-05	8.63371e-05	0.000114651	0.000134272	0.000144834	0.000148994	0.000130153	0.000124588	0.000144063	0.000119605	0.000123271	0.000148874	0.000132372	0.000120939	0.00013249	0.000113881	0.000130188	0.000113866	9.10813e-05	0.000101318	9.46944e-05	8.12357e-05	6.18139e-05	5.95086e-05	5.49967e-05	4.4628e-05	1.70768e-05	0	0	0	0	0	0
d1_34	3.72697e-05	7.59728e-05	0.000114414	0.000101693	0.000121432	0.000130116	0.000135147	0.000149919	0.000123782	0.000133446	0.000143723	0.00016643	0.000135145	0.000121134	0.000133918	0.000131859	0.000110929	9.79395e-05	9.5161e-05	0.000100146	7.56523e-05	6.66978e-05	6.6577e-05	6.30064e-05	5.27704e-05	2.41635e-05	0	0	0	0	0	0	0
d1_35	2.26509e-05	5.27548e-05	9.60291e-05	9.77e-05	0.00011694	0.000126491	0.00011905	0.000109902	0.000141175	0.000122879	0.000134108	0.000147659	0.000120674	0.000129872	0.000119707	0.00012855	0.000115773	0.000122565	9.98989e-05	0.000103333	0.00011213	9.00786e-05	7.62522e-05	6.90772e-05	2.6064e-05	0	0	0	0	0	0	0	0
d1_36	2.76527e-05	6.33754e-05	8.02998e-05	0.000110745	0.000107745	0.000123222	0.000126624	0.000147654	0.000126297	0.000142821	0.000114888	0.000143996	0.000128585	0.000127211	0.000142316	0.000130553	0.000123183	0.000121708	0.00010129	9.42201e-05	0.000113614	9.99636e-05	7.00201e-05	3.59308e-05	0	0	0	0	0	0	0	0	0
d1_37	1.64252e-05	5.15693e-05	7.92494e-05	9.13635e-05	0.000104537	9.23357e-05	9.40776e-05	0.000121592	0.0001072	0.000133273	0.000137297	0.000124609	0.000121119	0.000127703	0.000125688	0.000121028	0.000133288	9.91912e-05	0.00010827	9.71306e-05	0.000111828	8.3228e-05	4.03734e-05	0	0	0	0	0	0	0	0	0	0
d1_38	1.4978e-05	4.84405e-05	7.0896e-05	8.45623e-05	0.000105945	0.000106401	9.7885e-05	0.000119238	0.000113861	0.000110995	0.000113408	0.000130716	0.000156662	0.000144107	0.000119747	0.000129943	0.000119446	0.000113791	0.000119367	0.000123604	9.90972e-05	5.20266e-05	0	0	0	0	0	0	0	0	0	0	0
d1_39	1.44476e-05	3.48041e-05	5.10023e-05	7.12385e-05	8.44401e-05	9.89967e-05	9.93521e-05	9.96404e-05	0.000126388	0.000126832	0.000116063	0.000109875	0.000131408	0.000138283	0.000130971	0.000117541	0.000118495	0.000110355	0.000121566	0.000106501	4.82366e-05	0	0	0	0	0	0	0	0	0	0	0	0
d1_40	1.32741e-05	2.39747e-05	6.76999e-05	7.98527e-05	7.38716e-05	0.000101077	0.000101271	0.000106358	9.53379e-05	0.000125461	0.00012234	0.000115252	0.000116768	0.000136304	0.000118651	0.000128325	0.000119191	0.000121863	0.000107729	5.90248e-05	0	0	0	0	0	0	0	0	0	0	0	0	0
d1_41	7.60117e-06	2.97577e-05	4.7159e-05	6.55475e-05	7.84697e-05	8.7467e-05	7.1806e-05	8.80957e-05	8.75728e-05	0.000110645	0.000115002	0.000117842	0.000110358	0.000122061	0.000139637	0.000159019	0.00012132	0.000129641	5.77424e-05	0	0	0	0	0	0	0	0	0	0	0	0	0	0
d1_42	4.74458e-06	1.80942e-05	3.42663e-05	4.92138e-05	5.71328e-05	8.68668e-05	7.73238e-05	9.15554e-05	9.45469e-05	0.000105525	0.000112046	0.000120214	0.000129435	0.000135681	9.41275e-05	0.000122518	0.000134318	6.23605e-05	0	0	0	0	0	0	0	0	0	0	0	0	0	0	0
d1_43	7.37161e-06	2.58747e-05	3.67648e-05	4.91833e-05	5.94566e-05	6.96621e-05	8.42804e-05	8.265e-05	9.63735e-05	0.000115166	0.000106118	0.000110592	0.000125204	0.000116088	0.000142116	0.000138513	7.31624e-05	0	0	0	0	0	0	0	0	0	0	0	0	0	0	0	0
d1_44	3.26446e-06	2.30529e-05	3.08252e-05	4.31554e-05	6.26664e-05	6.53503e-05	6.25657e-05	7.27932e-05	8.83484e-05	9.34718e-05	0.000109298	0.000133365	0.000118355	0.000124018	0.000136288	6.23605e-05	0	0	0	0	0	0	0	0	0	0	0	0	0	0	0	0	0
d1_45	4.86211e-06	9.22269e-06	2.88081e-05	3.19781e-05	4.17261e-05	6.25014e-05	7.26913e-05	7.87596e-05	8.30597e-05	0.000101002	9.81573e-05	0.000125716	0.00011475	0.000131162	5.77424e-05	0	0	0	0	0	0	0	0	0	0	0	0	0	0	0	0	0	0
d1_46	6.33276e-06	1.71799e-05	1.9568e-05	3.72312e-05	4.8167e-05	5.9125e-05	6.61741e-05	6.53939e-05	9.41451e-05	9.25836e-05	0.000100565	0.000101848	0.000107435	5.90248e-05	0	0	0	0	0	0	0	0	0	0	0	0	0	0	0	0	0	0	0
d1_47	5.0152e-06	8.55691e-06	1.55933e-05	2.86066e-05	3.76523e-05	4.32579e-05	6.88402e-05	6.78042e-05	8.10894e-05	9.1909e-05	9.3739e-05	9.26009e-05	4.82366e-05	0	0	0	0	0	0	0	0	0	0	0	0	0	0	0	0	0	0	0	0
d1_48	1.48993e-06	5.06828e-06	1.7573e-05	2.73464e-05	4.30072e-05	4.06946e-05	6.00232e-05	5.40115e-05	8.17247e-05	0.000100472	8.9243e-05	5.20266e-05	0	0	0	0	0	0	0	0	0	0	0	0	0	0	0	0	0	0	0	0	0
d1_49	4.88155e-06	6.35548e-06	1.56718e-05	2.66349e-05	4.02132e-05	5.26896e-05	5.47183e-05	6.14444e-05	7.67958e-05	7.54983e-05	4.03734e-05	0	0	0	0	0	0	0	0	0	0	0	0	0	0	0	0	0	0	0	0	0	0
d1_50	1.31781e-06	5.58485e-06	1.3567e-05	2.44463e-05	2.59137e-05	5.01905e-05	4.8618e-05	5.00832e-05	6.0868e-05	3.59308e-05	0	0	0	0	0	0	0	0	0	0	0	0	0	0	0	0	0	0	0	0	0	0	0
d1_51	3.61898e-07	8.20174e-06	1.47232e-05	1.77113e-05	2.62354e-05	3.3387e-05	4.12094e-05	5.01466e-05	2.6064e-05	0	0	0	0	0	0	0	0	0	0	0	0	0	0	0	0	0	0	0	0	0	0	0	0
d1_52	6.98638e-07	3.25686e-06	7.17053e-06	1.72244e-05	2.20867e-05	4.01796e-05	6.45111e-05	2.41635e-05	0	0	0	0	0	0	0	0	0	0	0	0	0	0	0	0	0	0	0	0	0	0	0	0	0
d1_53	7.32596e-07	2.1352e-06	8.35942e-06	1.2203e-05	2.5455e-05	4.3665e-05	1.70768e-05	0	0	0	0	0	0	0	0	0	0	0	0	0	0	0	0	0	0	0	0	0	0	0	0	0	0
d1_54	2.35967e-06	2.7924e-06	1.00736e-05	1.82722e-05	2.26021e-05	1.21811e-05	0	0	0	0	0	0	0	0	0	0	0	0	0	0	0	0	0	0	0	0	0	0	0	0	0	0	0
d1_55	7.09704e-07	2.43484e-06	9.42041e-06	1.12046e-05	8.03155e-06	0	0	0	0	0	0	0	0	0	0	0	0	0	0	0	0	0	0	0	0	0	0	0	0	0	0	0	0
d1_56	3.57913e-07	3.23433e-06	9.63175e-06	6.58979e-06	0	0	0	0	0	0	0	0	0	0	0	0	0	0	0	0	0	0	0	0	0	0	0	0	0	0	0	0	0
d1_57	2.28199e-06	2.62998e-06	2.74686e-06	0	0	0	0	0	0	0	0	0	0	0	0	0	0	0	0	0	0	0	0	0	0	0	0	0	0	0	0	0	0
d1_58	8.79479e-08	3.15689e-07	0	0	0	0	0	0	0	0	0	0	0	0	0	0	0	0	0	0	0	0	0	0	0	0	0	0	0	0	0	0	0
d1_59	0	0	0	0	0	0	0	0	0	0	0	0	0	0	0	0	0	0	0	0	0	0	0	0	0	0	0	0	0	0	0	0	0
d1_60	0	0	0	0	0	0	0	0	0	0	0	0	0	0	0	0	0	0	0	0	0	0	0	0	0	0	0	0	0	0	0	0	0
d1_61	0	0	0	0	0	0	0	0	0	0	0	0	0	0	0	0	0	0	0	0	0	0	0	0	0	0	0	0	0	0	0	0	0
d1_62	0	0	0	0	0	0	0	0	0	0	0	0	0	0	0	0	0	0	0	0	0	0	0	0	0	0	0	0	0	0	0	0	0
d1_63	0	0	0	0	0	0	0	0	0	0	0	0	0	0	0	0	0	0	0	0	0	0	0	0	0	0	0	0	0	0	0	0	0
d1_64	0	0	0	0	0	0	0	0	0	0	0	0	0	0	0	0	0	0	0	0	0	0	0	0	0	0	0	0	0	0	0	0	0
d1_65	0	0	0	0	0	0	0	0	0	0	0	0	0	0	0	0	0	0	0	0	0	0	0	0	0	0	0	0	0	0	0	0	0
d1_66	0	0	0	0	0	0	0	0	0	0	0	0	0	0	0	0	0	0	0	0	0	0	0	0	0	0	0	0	0	0	0	0	0
d1_67	0	0	0	0	0	0	0	0	0	0	0	0	0	0	0	0	0	0	0	0	0	0	0	0	0	0	0	0	0	0	0	0	0
d1_68	0	0	0	0	0	0	0	0	0	0	0	0	0	0	0	0	0	0	0	0	0	0	0	0	0	0	0	0	0	0	0	0	0
d1_69	0	0	0	0	0	0	0	0	0	0	0	0	0	0	0	0	0	0	0	0	0	0	0	0	0	0	0	0	0	0	0	0	0
d1_70	0	0	0	0	0	0	0	0	0	0	0	0	0	0	0	0	0	0	0	0	0	0	0	0	0	0	0	0	0	0	0	0	0
d1_71	0	0	0	0	0	0	0	0	0	0	0	0	0	0	0	0	0	0	0	0	0	0	0	0	0	0	0	0	0	0	0	0	0
d1_72	0	0	0	0	0	0	0	0	0	0	0	0	0	0	0	0	0	0	0	0	0	0	0	0	0	0	0	0	0	0	0	0	0
d1_73	0	0	0	0	0	0	0	0	0	0	0	0	0	0	0	0	0	0	0	0	0	0	0	0	0	0	0	0	0	0	0	0	0
d1_74	0	0	0	0	0	0	0	0	0	0	0	0	0	0	0	0	0	0	0	0	0	0	0	0	0	0	0	0	0	0	0	0	0
d1_75	0	0	0	0	0	0	0	0	0	0	0	0	0	0	0	0	0	0	0	0	0	0	0	0	0	0	0	0	0	0	0	0	0
d1_76	0	0	0	0	0	0	0	0	0	0	0	0	0	0	0	0	0	0	0	0	0	0	0	0	0	0	0	0	0	0	0	0	0
d1_77	0	0	0	0	0	0	0	0	0	0	0	0	0	0	0	0	0	0	0	0	0	0	0	0	0	0	0	0	0	0	0	0	0
d1_78	0	0	0	0	0	0	0	0	0	0	0	0	0	0	0	0	0	0	0	0	0	0	0	0	0	0	0	0	0	0	0	0	0
d1_79	0	0	0	0	0	0	0	0	0	0	0	0	0	0	0	0	0	0	0	0	0	0	0	0	0	0	0	0	0	0	0	0	0
d1_80	0	0	0	0	0	0	0	0	0	0	0	0	0	0	0	0	0	0	0	0	0	0	0	0	0	0	0	0	0	0	0	0	0
d1_81	0	0	0	0	0	0	0	0	0	0	0	0	0	0	0	0	0	0	0	0	0	0	0	0	0	0	0	0	0	0	0	0	0
d1_82	0	0	0	0	0	0	0	0	0	0	0	0	0	0	0	0	0	0	0	0	0	0	0	0	0	0	0	0	0	0	0	0	0
d1_83	0	0	0	0	0	0	0	0	0	0	0	0	0	0	0	0	0	0	0	0	0	0	0	0	0	0	0	0	0	0	0	0	0
d1_84	0	0	0	0	0	0	0	0	0	0	0	0	0	0	0	0	0	0	0	0	0	0	0	0	0	0	0	0	0	0	0	0	0
d1_85	0	0	0	0	0	0	0	0	0	0	0	0	0	0	0	0	0	0	0	0	0	0	0	0	0	0	0	0	0	0	0	0	0
d1_86	0	0	0	0	0	0	0	0	0	0	0	0	0	0	0	0	0	0	0	0	0	0	0	0	0	0	0	0	0	0	0	0	0
