	d0_0	d0_1	d0_2	d0_3	d0_4	d0_5	d0_6	d0_7	d0_8	d0_9	d0_10	d0_11	d0_12	d0_13	d0_14	d0_15	d0_16	d0_17	d0_18	d0_19	d0_20	d0_21	d0_22	d0_23	d0_24	d0_25	d0_26	d0_27	d0_28	d0_29	d0_30	d0_31	d0_32	d0_33	d0_34	d0_35	d0_36	d0_37	d0_38	d0_39	d0_40	d0_41	d0_42	d0_43	d0_44	d0_45	d0_46	d0_47	d0_48	d0_49	d0_50	d0_51	d0_52	d0_53	d0_54	d0_55	d0_56	d0_57	d0_58	d0_59	d0_60	d0_61	d0_62	d0_63	d0_64	d0_65	d0_66	d0_67	d0_68
d1_0	0	0.238842	0.0841775	0.0395046	0.0209452	0.0119388	0.00716622	0.00444991	0.00280905	0.00183707	0.00117719	0.000771708	0.000528976	0.000354009	0.000271375	0.00016093	0.000117694	9.84397e-05	6.95693e-05	4.10347e-05	3.28159e-05	2.23818e-05	1.90991e-05	1.52189e-05	5.64508e-06	6.2136e-06	3.47323e-06	4.22192e-06	2.3637e-06	1.92603e-06	8.75612e-07	8.12222e-07	5.96916e-07	4.32351e-06	1.08394e-07	2.11949e-06	2.91309e-07	1.35493e-07	6.77463e-08	1.35493e-07	0	0	2.70985e-07	0	0	1.12911e-08	0	0	0	0	0	0	0	0	0	0	0	0	0	0	0	0	0	0	0	0	0	0	0
d1_1	0.121247	0.0248026	0.0140642	0.00913622	0.00619332	0.00436412	0.00317343	0.00226039	0.00166199	0.00122195	0.000880816	0.000662701	0.000499904	0.000372397	0.000281748	0.000189896	0.000164811	0.000126239	9.0898e-05	6.74329e-05	5.45508e-05	4.69155e-05	3.81266e-05	3.15175e-05	1.7522e-05	1.57876e-05	1.54216e-05	6.37774e-06	6.1043e-06	1.00609e-05	2.87344e-06	3.543e-06	3.62902e-06	1.71524e-06	3.52804e-07	1.63906e-06	3.48782e-07	3.98736e-07	2.23563e-07	4.06478e-08	0	0	2.70985e-08	2.58081e-08	0	0	0	0	0	0	0	0	0	0	0	0	0	0	0	0	0	0	0	0	0	0	0	0	0
d1_2	0.0490714	0.0140836	0.00782063	0.00510803	0.00354078	0.00255427	0.00200055	0.00154641	0.00117073	0.000898662	0.000703864	0.000548345	0.00041594	0.000359737	0.000254854	0.000208084	0.000179589	0.00012779	0.000106786	8.0782e-05	7.25844e-05	4.9066e-05	4.83869e-05	3.94163e-05	2.68859e-05	2.20129e-05	1.36567e-05	1.2514e-05	1.29346e-05	8.54198e-06	6.80748e-06	4.6107e-06	5.1869e-06	3.08251e-06	3.84033e-06	1.83733e-06	2.78376e-07	1.63621e-06	4.40351e-07	3.91961e-07	3.11633e-07	1.07717e-06	1.8969e-06	1.12911e-08	1.63207e-07	1.35493e-07	1.19234e-06	1.09072e-06	0	0	0	0	0	0	0	0	0	0	0	0	0	0	0	0	0	0	0	0	0
d1_3	0.0261109	0.0095995	0.00529478	0.00342595	0.00235741	0.00175747	0.00132807	0.00104345	0.000829539	0.000695349	0.000558308	0.000426218	0.000355238	0.00030748	0.000233745	0.000211149	0.00016648	0.000131916	0.000107833	9.22124e-05	7.55762e-05	6.95397e-05	5.65251e-05	4.49272e-05	3.76359e-05	2.53114e-05	2.07775e-05	1.84555e-05	1.95046e-05	1.22402e-05	1.01446e-05	5.15013e-06	7.05761e-06	3.1863e-06	3.7005e-06	3.66486e-06	1.23005e-06	1.86918e-06	1.57911e-06	3.51423e-06	7.97148e-07	1.23298e-06	2.03239e-07	4.40351e-07	1.11104e-06	6.77463e-08	0	0	1.54849e-07	0	1.61353e-07	0	0	0	0	0	0	0	0	0	0	0	0	0	0	0	0	0	0
d1_4	0.015477	0.00706304	0.00398995	0.00253234	0.00167913	0.00122411	0.000954515	0.000757176	0.000595922	0.000474746	0.000420643	0.000367356	0.000303825	0.000260239	0.000219427	0.00018391	0.000150436	0.000134312	0.000104726	9.49194e-05	7.90265e-05	6.75251e-05	5.50933e-05	5.47621e-05	3.43479e-05	3.10822e-05	2.56353e-05	2.68055e-05	2.24607e-05	1.74322e-05	9.89395e-06	1.73079e-05	4.26328e-06	8.14682e-06	6.42858e-06	3.91993e-06	6.29425e-06	1.92787e-06	4.58411e-06	4.53285e-07	1.44074e-06	1.4488e-06	1.60779e-06	2.43887e-07	2.22595e-07	1.49042e-06	2.63243e-07	0	1.17427e-06	1.35493e-07	6.77463e-08	0	0	0	0	0	0	0	0	0	0	0	0	0	0	0	0	0	0
d1_5	0.00989192	0.00540269	0.00319635	0.00203194	0.00134104	0.000950389	0.000714477	0.000587705	0.000463504	0.000378653	0.000341111	0.000302131	0.00024004	0.000222005	0.000196255	0.000156504	0.000153742	0.00011753	9.86487e-05	9.30589e-05	8.14653e-05	7.77385e-05	6.71456e-05	4.77444e-05	5.31644e-05	3.49312e-05	4.06541e-05	3.27058e-05	2.44445e-05	1.91547e-05	1.90277e-05	1.34188e-05	9.95043e-06	1.35407e-05	1.35337e-05	6.77141e-06	3.6687e-06	5.65748e-06	1.5401e-06	3.63895e-06	1.33602e-06	1.62591e-07	2.50626e-06	8.22634e-08	4.44868e-07	1.35493e-07	9.05543e-07	7.51984e-07	0	1.49042e-07	1.07136e-06	0	0	1.08394e-06	0	0	6.15876e-08	0	0	0	0	0	0	0	0	0	0	0	0
d1_6	0.00664627	0.00415816	0.00260089	0.00166622	0.00110361	0.00076549	0.000575231	0.000454343	0.000356002	0.000305555	0.000279561	0.00023293	0.000205084	0.0001924	0.000166013	0.000144536	0.000129351	0.000105045	8.40064e-05	8.94047e-05	8.37504e-05	6.7175e-05	6.68966e-05	5.53828e-05	4.79623e-05	3.98693e-05	3.48489e-05	3.00034e-05	3.25595e-05	2.25352e-05	2.04636e-05	1.50525e-05	1.78886e-05	9.09021e-06	8.90539e-06	1.02356e-05	6.24815e-06	4.0686e-06	3.56184e-06	2.18401e-06	1.34511e-06	2.12108e-06	1.56171e-06	1.45655e-06	2.83822e-06	8.36828e-07	2.23563e-06	2.84535e-07	8.12956e-08	3.38732e-07	7.31382e-08	0	0	1.91948e-07	0	0	0	0	0	0	0	0	0	0	0	0	0	0	0
d1_7	0.00454064	0.00331028	0.00222323	0.00143282	0.000959914	0.000632558	0.0004818	0.000355853	0.000287259	0.000257978	0.000226001	0.000209925	0.000195363	0.000171089	0.000155462	0.000135558	0.000114589	0.000116793	0.00010072	8.13846e-05	8.16869e-05	6.29177e-05	5.5337e-05	5.80358e-05	5.28513e-05	3.82406e-05	3.73519e-05	3.62932e-05	3.40966e-05	2.12657e-05	1.69901e-05	2.02e-05	1.39588e-05	9.59357e-06	1.12546e-05	8.52856e-06	1.05223e-05	6.14233e-06	5.65883e-06	5.21905e-06	2.55852e-06	1.63693e-06	3.47442e-06	5.08713e-06	1.45716e-06	2.31467e-06	3.08923e-06	2.13885e-06	2.03239e-07	2.14078e-06	0	0	2.63243e-07	8.5539e-08	0	0	0	0	0	0	0	0	0	0	0	0	0	0	0
d1_8	0.00314659	0.00264559	0.00187067	0.00125539	0.000819086	0.000576569	0.000413003	0.000330423	0.000238255	0.000196727	0.000183938	0.000172415	0.000144762	0.000153523	0.000128877	0.000116927	0.000109934	9.38369e-05	8.98534e-05	6.82281e-05	6.72049e-05	5.71134e-05	5.74265e-05	5.69468e-05	4.5019e-05	4.7533e-05	3.40636e-05	2.90028e-05	2.65464e-05	3.157e-05	2.47592e-05	2.04351e-05	1.90149e-05	2.28139e-05	1.46537e-05	1.42754e-05	1.31535e-05	9.77036e-06	7.62111e-06	6.26912e-06	8.68179e-06	3.37957e-06	1.21718e-06	2.71663e-06	2.49984e-06	1.23879e-06	1.28718e-06	1.8156e-06	2.27628e-06	4.9358e-07	1.22309e-06	6.8327e-07	2.45145e-06	4.19059e-07	4.12637e-08	2.90341e-07	0	0	6.09717e-08	0	2.58081e-08	3.38732e-08	0	0	0	0	0	0	0
d1_9	0.00225469	0.00209481	0.00159335	0.00113025	0.000762911	0.000506931	0.000366327	0.00028117	0.000229751	0.000183517	0.000174325	0.000145168	0.000142793	0.000121361	0.00011279	0.000105653	9.64823e-05	9.74482e-05	8.11819e-05	8.6647e-05	6.50125e-05	6.99283e-05	5.48161e-05	5.12831e-05	4.35646e-05	4.61661e-05	3.82544e-05	3.10395e-05	3.34483e-05	4.15079e-05	2.32668e-05	2.78616e-05	2.02887e-05	1.76604e-05	1.033e-05	1.04067e-05	8.0434e-06	1.02388e-05	1.03487e-05	3.94961e-06	6.63398e-06	4.43416e-06	2.37077e-06	5.56165e-06	1.00039e-06	1.98303e-06	2.41405e-06	3.3457e-06	1.97429e-06	1.38654e-06	8.12956e-07	3.24215e-07	2.60985e-07	0	9.48449e-07	6.77463e-08	9.75547e-07	1.13588e-06	0	0	0	0	0	0	0	0	0	0	0
d1_10	0.00161315	0.00165873	0.0013649	0.000990988	0.000686926	0.000478485	0.000338703	0.000271074	0.000210028	0.000164298	0.000150636	0.000123458	0.000117699	0.000130752	0.000114544	8.88277e-05	8.91757e-05	9.16359e-05	8.25074e-05	7.31015e-05	7.55417e-05	7.18836e-05	5.67978e-05	5.1021e-05	5.37304e-05	4.18708e-05	3.96775e-05	3.65448e-05	2.79352e-05	2.88113e-05	2.64201e-05	2.75193e-05	2.33802e-05	2.29732e-05	1.30668e-05	2.12224e-05	1.122e-05	1.3427e-05	7.96178e-06	9.96126e-06	6.23134e-06	3.54636e-06	6.25202e-06	3.02729e-06	3.20115e-06	3.37151e-06	9.153e-07	1.74656e-06	2.58017e-06	3.39377e-07	1.62591e-07	3.00883e-07	1.69366e-07	0	6.09717e-08	0	3.46122e-07	1.35493e-07	0	0	0	0	0	0	0	0	0	0	0
d1_11	0.00120706	0.00138481	0.00114749	0.000880701	0.00064572	0.000441005	0.000326021	0.000237976	0.000197089	0.000142729	0.000132348	0.000106091	0.000111423	0.000103606	0.000100136	8.14412e-05	7.68734e-05	7.52277e-05	7.06256e-05	7.24484e-05	7.15679e-05	6.5217e-05	5.69706e-05	4.62349e-05	3.87592e-05	4.14086e-05	3.99493e-05	3.79767e-05	2.85677e-05	2.8054e-05	2.71532e-05	2.65533e-05	2.29986e-05	1.86232e-05	2.21019e-05	1.48287e-05	1.30866e-05	1.14675e-05	1.04991e-05	5.40559e-06	9.20573e-06	8.938e-06	2.8718e-06	4.89929e-06	4.56965e-06	5.1213e-06	1.3517e-06	2.68179e-06	1.71301e-06	9.14575e-07	3.68121e-06	8.05829e-07	2.30437e-07	2.15791e-07	0	1.66232e-07	1.29334e-07	2.58081e-08	1.93756e-07	2.06978e-07	0	0	0	0	0	0	0	0	0
d1_12	0.000897661	0.00109194	0.0009861	0.00078957	0.000583293	0.000430038	0.000295027	0.000220087	0.000185745	0.000143925	0.000124926	0.000111204	9.26227e-05	9.13046e-05	9.42864e-05	8.64295e-05	8.29095e-05	8.51278e-05	7.0783e-05	7.39057e-05	6.49846e-05	6.02677e-05	5.5527e-05	4.3208e-05	5.05198e-05	5.13455e-05	3.33251e-05	3.6609e-05	3.38833e-05	2.69208e-05	3.1009e-05	2.52237e-05	2.15102e-05	2.21228e-05	1.70077e-05	1.69849e-05	1.3746e-05	8.49603e-06	1.5169e-05	1.01378e-05	7.58565e-06	6.30267e-06	5.27486e-06	5.01513e-06	9.42316e-06	2.82797e-06	5.39164e-06	2.84115e-06	2.15622e-06	2.27296e-06	1.54462e-06	1.57854e-06	5.58101e-07	3.25872e-07	2.68747e-07	4.23123e-07	1.12911e-08	0	1.76916e-07	0	0	2.03239e-08	0	0	0	0	0	0	0
d1_13	0.000653207	0.000903915	0.000850261	0.000721623	0.000541569	0.000394216	0.000283488	0.000208056	0.000179169	0.000138031	0.000111908	0.000108033	8.69915e-05	9.45644e-05	7.2131e-05	8.13612e-05	7.26677e-05	7.764e-05	6.22088e-05	5.87978e-05	5.74953e-05	6.76544e-05	6.82821e-05	5.73203e-05	4.63928e-05	5.57399e-05	4.30796e-05	3.26898e-05	4.31439e-05	4.0295e-05	2.90491e-05	2.31049e-05	2.17028e-05	1.78557e-05	2.75683e-05	2.5283e-05	1.42915e-05	1.34615e-05	1.26837e-05	1.57933e-05	7.92333e-06	6.70815e-06	7.55533e-06	8.30764e-06	4.20731e-06	2.96116e-06	3.68443e-06	1.55589e-06	3.38041e-06	3.11072e-06	1.06104e-06	9.89095e-07	8.8031e-07	1.50164e-06	5.75728e-07	6.22569e-07	9.48449e-07	3.62661e-07	2.35499e-08	0	0	0	0	0	0	0	0	0	0
d1_14	0.000486156	0.000738867	0.00070516	0.000627467	0.000522451	0.000371649	0.000270699	0.000213551	0.000161734	0.000141341	0.000108853	0.000114685	0.000109053	8.36725e-05	7.12168e-05	7.04334e-05	6.72731e-05	8.08537e-05	6.69343e-05	6.3827e-05	6.01358e-05	5.94949e-05	5.23265e-05	4.31679e-05	4.97347e-05	4.15006e-05	3.57707e-05	3.72532e-05	3.92153e-05	3.40221e-05	2.57134e-05	2.28735e-05	3.30706e-05	1.91333e-05	1.81885e-05	1.45064e-05	1.88671e-05	1.78106e-05	1.50806e-05	1.46504e-05	4.95903e-06	8.86509e-06	8.62637e-06	6.1811e-06	9.23544e-06	4.91354e-06	4.33318e-06	2.54014e-06	2.74719e-06	1.95916e-06	6.58889e-06	2.15463e-06	1.43432e-06	7.90374e-07	1.46665e-06	4.44389e-07	9.53028e-07	1.05684e-06	9.82322e-08	0	1.87605e-08	6.09717e-08	0	0	0	0	0	0	0
d1_15	0.000379686	0.000589191	0.000634039	0.000563091	0.000482843	0.000342517	0.000253329	0.000207804	0.000152437	0.000139427	0.000113374	0.00010698	8.69011e-05	6.73242e-05	7.71052e-05	7.72576e-05	7.23108e-05	6.46943e-05	6.93606e-05	5.77539e-05	6.68654e-05	5.67715e-05	5.65297e-05	4.48659e-05	3.7296e-05	3.96936e-05	3.50825e-05	3.24948e-05	3.37307e-05	3.73317e-05	3.44463e-05	2.87718e-05	3.86291e-05	3.10292e-05	1.96258e-05	1.77093e-05	1.83772e-05	1.38412e-05	1.21869e-05	1.24511e-05	1.10811e-05	1.15898e-05	6.43622e-06	4.20931e-06	4.9829e-06	8.28148e-06	5.07643e-06	5.2533e-06	4.21257e-06	4.68159e-06	2.13052e-06	3.62714e-06	2.33446e-06	1.14389e-06	1.30396e-06	3.12865e-07	4.49707e-07	5.26629e-07	9.70705e-08	0	0	4.51642e-08	0	0	0	0	0	0	0
d1_16	0.000286159	0.000459345	0.000506513	0.00048044	0.000410841	0.000325435	0.000264603	0.000188645	0.000160903	0.000119139	0.000105097	9.20342e-05	8.64583e-05	8.10371e-05	7.27426e-05	7.65085e-05	5.63522e-05	7.39134e-05	6.33298e-05	6.36458e-05	5.67953e-05	4.86011e-05	4.91168e-05	4.21414e-05	4.22242e-05	4.56147e-05	4.34987e-05	3.24874e-05	3.63869e-05	3.25599e-05	3.72307e-05	3.08881e-05	2.73402e-05	2.82336e-05	1.94793e-05	2.11965e-05	1.76057e-05	1.33705e-05	1.85041e-05	8.83084e-06	1.37563e-05	1.18514e-05	5.68456e-06	1.71799e-05	6.03391e-06	5.66339e-06	5.04452e-06	5.9895e-06	2.82161e-06	1.4128e-06	3.48245e-06	4.63036e-06	3.45451e-06	1.42505e-06	1.43304e-06	1.43388e-06	1.49953e-06	2.06714e-07	4.03898e-07	3.61314e-08	5.80683e-08	0	0	0	0	0	0	0	0
d1_17	0.000203921	0.000390522	0.000459889	0.000443315	0.000373196	0.000310789	0.000242546	0.000190144	0.000158198	0.000130968	0.00010216	9.4374e-05	8.23551e-05	8.03973e-05	7.45761e-05	5.94858e-05	7.60797e-05	5.76978e-05	6.28134e-05	6.12249e-05	5.28141e-05	5.02763e-05	5.70283e-05	5.36679e-05	3.95693e-05	4.03928e-05	4.55696e-05	4.50907e-05	4.51909e-05	3.20739e-05	3.26537e-05	2.8328e-05	2.44232e-05	2.28185e-05	1.99556e-05	2.48364e-05	2.13611e-05	1.72768e-05	1.39328e-05	1.21553e-05	1.29753e-05	1.41448e-05	1.45193e-05	1.27212e-05	9.19834e-06	6.69726e-06	6.8761e-06	8.72153e-06	4.25673e-06	1.51039e-06	3.49153e-06	1.4582e-06	3.4143e-06	2.08628e-06	2.06457e-06	5.80439e-07	3.64326e-07	2.19662e-07	1.33648e-06	1.45171e-08	0	0	0	0	0	0	0	0	0
d1_18	0.000165079	0.000313216	0.000380983	0.00038864	0.00035034	0.000303987	0.000233569	0.000186322	0.00015235	0.00013418	0.000115624	9.01052e-05	8.47089e-05	6.94775e-05	6.89338e-05	7.11839e-05	5.84418e-05	5.87235e-05	6.22711e-05	6.34242e-05	5.99755e-05	5.63868e-05	5.10314e-05	5.1831e-05	4.14987e-05	4.45086e-05	4.65924e-05	3.75478e-05	3.42508e-05	3.2636e-05	3.31542e-05	3.73954e-05	2.9858e-05	2.67173e-05	2.30662e-05	2.54155e-05	1.48174e-05	1.63434e-05	1.43732e-05	1.23988e-05	1.97368e-05	1.3176e-05	1.19595e-05	1.15488e-05	8.76828e-06	9.14398e-06	5.14616e-06	4.50094e-06	5.5884e-06	6.07882e-06	6.18263e-06	2.48583e-06	5.26596e-06	5.91047e-07	1.61564e-06	1.19884e-06	5.3632e-07	1.35723e-06	8.50386e-07	6.01974e-07	7.74244e-08	0	0	0	0	0	0	0	0
d1_19	0.000121543	0.000232077	0.00032434	0.000349761	0.000322273	0.000276885	0.000217111	0.000175111	0.000130741	0.000107261	9.97435e-05	9.89063e-05	7.98276e-05	7.09823e-05	8.9262e-05	6.54248e-05	6.40685e-05	6.60847e-05	5.28844e-05	6.06257e-05	5.43699e-05	6.52011e-05	5.12983e-05	4.98464e-05	5.10881e-05	4.91473e-05	4.8952e-05	4.30936e-05	4.89407e-05	4.04111e-05	3.69873e-05	3.68734e-05	3.77228e-05	3.20101e-05	2.15843e-05	2.47348e-05	2.0543e-05	1.69691e-05	1.88258e-05	1.74824e-05	1.792e-05	1.73799e-05	1.78673e-05	1.41139e-05	1.23783e-05	6.85898e-06	5.89542e-06	9.04332e-06	6.67531e-06	5.00123e-06	4.87773e-06	5.02249e-06	2.01363e-06	3.31774e-06	5.23032e-06	9.89607e-07	2.6507e-06	1.11948e-06	4.638e-07	4.52299e-07	0	0	0	0	0	0	0	0	0
d1_20	9.6408e-05	0.000212574	0.000266034	0.000302118	0.000285326	0.000263203	0.000214382	0.000172488	0.00015721	0.000114784	8.70991e-05	7.91307e-05	7.65171e-05	7.1197e-05	7.30601e-05	6.8617e-05	6.43438e-05	7.06923e-05	5.7909e-05	5.7009e-05	5.52616e-05	5.82307e-05	5.4558e-05	4.88502e-05	5.03772e-05	5.10781e-05	4.44838e-05	3.43637e-05	3.7273e-05	3.90951e-05	3.22283e-05	3.35493e-05	2.64166e-05	3.1258e-05	3.00866e-05	2.52257e-05	3.3907e-05	2.03377e-05	1.72885e-05	2.0815e-05	1.47843e-05	1.29773e-05	1.51163e-05	9.11628e-06	1.26989e-05	7.57217e-06	8.60085e-06	8.54838e-06	4.08575e-06	9.31402e-06	7.22388e-06	4.22689e-06	3.45868e-06	6.36461e-06	1.7824e-06	1.58653e-06	1.18103e-06	1.42403e-06	2.25291e-07	0	0	0	0	0	0	0	0	0	0
d1_21	7.17177e-05	0.00015885	0.000225842	0.00027882	0.000251347	0.00022736	0.000195856	0.000171337	0.000126832	0.00010765	9.20259e-05	7.71191e-05	7.33056e-05	7.33611e-05	8.17453e-05	7.17024e-05	6.57335e-05	5.29558e-05	6.3656e-05	5.31402e-05	4.62103e-05	5.80063e-05	5.96224e-05	5.23832e-05	5.38185e-05	3.93097e-05	4.44144e-05	5.10062e-05	3.58003e-05	2.59142e-05	3.96564e-05	3.28205e-05	2.59658e-05	4.34974e-05	2.7316e-05	2.03445e-05	3.05122e-05	1.98742e-05	2.1093e-05	2.3698e-05	1.73453e-05	2.05994e-05	1.08114e-05	1.5708e-05	1.3216e-05	8.51817e-06	4.03068e-06	7.86366e-06	5.80448e-06	8.98672e-06	8.46399e-06	4.89302e-06	1.80431e-06	2.26845e-06	2.09887e-06	9.85658e-07	1.95351e-06	1.13959e-07	0	0	0	0	0	0	0	0	0	0	0
d1_22	5.49977e-05	0.00013902	0.000193399	0.000215086	0.000229492	0.000218425	0.000175873	0.000151667	0.000128531	0.000108184	9.07864e-05	9.8507e-05	8.22477e-05	8.11926e-05	6.08716e-05	6.47409e-05	6.83725e-05	5.84023e-05	6.46401e-05	6.20453e-05	5.2226e-05	5.37901e-05	4.98387e-05	5.30394e-05	4.89703e-05	5.0816e-05	4.64883e-05	3.74094e-05	4.47719e-05	3.99312e-05	3.24708e-05	4.49404e-05	2.64048e-05	2.82986e-05	3.65275e-05	1.92769e-05	2.70933e-05	2.17746e-05	2.59146e-05	1.87686e-05	2.64629e-05	2.19726e-05	1.72437e-05	1.18349e-05	1.32802e-05	1.04051e-05	7.95801e-06	5.20391e-06	1.02653e-05	4.07357e-06	6.3664e-06	9.79165e-06	2.94213e-06	5.68137e-06	3.16718e-06	4.75112e-06	7.9323e-07	0	0	0	0	0	0	0	0	0	0	0	0
d1_23	4.20144e-05	0.000104801	0.000167887	0.000191792	0.00020271	0.000188	0.000177429	0.000140722	0.000130288	0.00010242	9.61539e-05	8.20894e-05	7.54734e-05	6.44451e-05	5.53935e-05	6.0678e-05	5.90092e-05	5.62907e-05	5.79996e-05	5.52393e-05	5.20319e-05	5.22337e-05	4.83183e-05	4.43143e-05	4.4133e-05	4.66843e-05	4.59321e-05	4.74103e-05	4.06168e-05	2.99824e-05	2.78323e-05	4.41707e-05	2.75843e-05	3.59587e-05	2.57791e-05	3.59281e-05	2.39671e-05	2.36216e-05	2.22792e-05	1.8504e-05	1.94903e-05	1.27389e-05	2.17861e-05	1.72258e-05	1.08078e-05	1.1842e-05	1.31774e-05	7.49264e-06	1.30825e-05	5.32353e-06	8.25739e-06	3.0319e-06	2.40571e-06	5.15027e-06	6.11419e-06	9.56484e-07	0	0	0	0	0	0	0	0	0	0	0	0	0
d1_24	3.33454e-05	8.59931e-05	0.000138108	0.000157656	0.000181447	0.000174793	0.000157471	0.000146491	0.00012524	0.000111112	8.90283e-05	7.69512e-05	6.81519e-05	6.73666e-05	6.06447e-05	5.91071e-05	6.68562e-05	5.72324e-05	5.04959e-05	5.18921e-05	4.80359e-05	5.13155e-05	5.03158e-05	4.34865e-05	4.74086e-05	4.48511e-05	4.0408e-05	5.05052e-05	3.62285e-05	4.62379e-05	3.34621e-05	3.34305e-05	3.48599e-05	4.43699e-05	2.72198e-05	2.95913e-05	3.09448e-05	1.84418e-05	3.13939e-05	2.10019e-05	2.35796e-05	1.75489e-05	1.62738e-05	1.89842e-05	1.55836e-05	1.35737e-05	1.24496e-05	1.0181e-05	5.10445e-06	7.30721e-06	5.10026e-06	4.9117e-06	6.71228e-06	7.9995e-06	3.00149e-06	0	0	0	0	0	0	0	0	0	0	0	0	0	0
d1_25	2.42233e-05	6.69839e-05	0.000111202	0.000145261	0.000157031	0.000160286	0.000143898	0.000130658	0.00011338	9.6295e-05	8.70138e-05	7.8573e-05	7.5948e-05	7.89773e-05	6.00142e-05	6.3207e-05	5.91496e-05	6.95893e-05	6.94031e-05	5.0769e-05	6.02647e-05	5.09772e-05	4.99937e-05	5.17486e-05	5.78463e-05	4.84982e-05	5.09251e-05	4.30667e-05	4.36768e-05	4.66527e-05	3.80984e-05	4.11181e-05	3.52915e-05	3.01996e-05	2.96845e-05	3.11724e-05	2.97743e-05	3.68453e-05	2.27289e-05	2.20456e-05	2.59499e-05	2.05191e-05	1.88567e-05	2.52348e-05	1.37935e-05	1.19309e-05	9.25792e-06	1.33791e-05	1.06517e-05	9.72379e-06	5.30681e-06	9.3138e-06	8.46258e-06	3.97482e-06	0	0	0	0	0	0	0	0	0	0	0	0	0	0	0
d1_26	1.75986e-05	5.39904e-05	9.39225e-05	0.000129064	0.000141654	0.000140028	0.000126379	0.000124034	0.000100671	9.38638e-05	7.16526e-05	8.37328e-05	6.28733e-05	6.1455e-05	6.14178e-05	4.99655e-05	5.65861e-05	5.95659e-05	4.49462e-05	5.96358e-05	6.44923e-05	4.61728e-05	5.91319e-05	4.9583e-05	4.58637e-05	4.9913e-05	4.48175e-05	5.14569e-05	3.77396e-05	3.42647e-05	4.28446e-05	3.94754e-05	3.2506e-05	3.64207e-05	2.87439e-05	3.54249e-05	2.00739e-05	2.03673e-05	2.97338e-05	1.90753e-05	2.58846e-05	2.69053e-05	2.37721e-05	1.46294e-05	1.64707e-05	1.74708e-05	1.83285e-05	1.19918e-05	1.48287e-05	1.29821e-05	8.6353e-06	7.3958e-06	3.03715e-06	0	0	0	0	0	0	0	0	0	0	0	0	0	0	0	0
d1_27	1.59567e-05	3.79568e-05	7.37191e-05	0.000105699	0.000117837	0.000118782	0.000127008	0.000133614	0.000104867	9.96147e-05	8.04652e-05	7.34701e-05	6.23115e-05	6.14931e-05	4.67189e-05	5.92458e-05	5.81719e-05	5.69641e-05	5.2675e-05	4.79424e-05	5.32177e-05	4.99751e-05	4.85525e-05	4.43296e-05	4.29723e-05	4.81877e-05	3.66681e-05	4.10993e-05	4.50587e-05	4.14975e-05	4.57292e-05	4.02451e-05	4.49741e-05	4.6602e-05	3.14014e-05	3.44641e-05	3.30018e-05	3.16219e-05	2.41519e-05	3.06048e-05	2.41867e-05	2.11434e-05	1.58046e-05	1.44248e-05	2.07151e-05	1.27048e-05	1.91034e-05	1.18874e-05	8.45122e-06	1.3579e-05	9.59899e-06	6.79063e-06	0	0	0	0	0	0	0	0	0	0	0	0	0	0	0	0	0
d1_28	1.23497e-05	3.8219e-05	6.7704e-05	9.55811e-05	0.000106193	0.000114339	0.000114929	9.90813e-05	9.47217e-05	8.02751e-05	7.26193e-05	7.24795e-05	5.69283e-05	6.31695e-05	5.76509e-05	6.73032e-05	4.94248e-05	5.7145e-05	5.11803e-05	5.41589e-05	6.59291e-05	5.21408e-05	5.26193e-05	4.70859e-05	5.78978e-05	4.48052e-05	4.55527e-05	4.60854e-05	4.06004e-05	3.52527e-05	4.81135e-05	3.7496e-05	3.8236e-05	3.49923e-05	3.38322e-05	3.35335e-05	4.02726e-05	3.28183e-05	2.44622e-05	2.47449e-05	3.26283e-05	2.57182e-05	2.74876e-05	1.59554e-05	2.53231e-05	1.91495e-05	1.17559e-05	1.70539e-05	7.26014e-06	1.61943e-05	4.04887e-06	0	0	0	0	0	0	0	0	0	0	0	0	0	0	0	0	0	0
d1_29	8.69806e-06	2.63258e-05	5.13527e-05	7.27542e-05	9.74633e-05	0.000101483	0.000100105	9.72273e-05	8.31754e-05	7.07596e-05	7.0498e-05	6.92662e-05	6.27611e-05	5.90442e-05	5.8625e-05	5.98738e-05	5.24789e-05	5.1526e-05	5.33122e-05	5.62043e-05	5.14365e-05	4.57238e-05	4.71902e-05	4.29344e-05	5.17065e-05	4.19259e-05	5.05704e-05	4.07627e-05	4.46503e-05	4.00537e-05	4.4254e-05	3.44923e-05	4.14565e-05	4.18137e-05	3.4322e-05	3.09269e-05	3.7234e-05	2.94729e-05	3.35463e-05	2.18764e-05	1.87145e-05	2.59855e-05	1.72823e-05	1.97952e-05	1.56138e-05	1.48122e-05	1.74007e-05	1.17306e-05	1.88942e-05	6.87847e-06	0	0	0	0	0	0	0	0	0	0	0	0	0	0	0	0	0	0	0
d1_30	6.63983e-06	2.04823e-05	3.98207e-05	6.66815e-05	8.14262e-05	8.30589e-05	9.44934e-05	8.68672e-05	8.45477e-05	7.77923e-05	6.63419e-05	7.41867e-05	6.28789e-05	6.07149e-05	6.05955e-05	5.15231e-05	4.47868e-05	5.90007e-05	4.36524e-05	4.73004e-05	5.75691e-05	6.31498e-05	4.74771e-05	4.9659e-05	4.67591e-05	4.94101e-05	4.60591e-05	4.37871e-05	4.85424e-05	4.09895e-05	4.09464e-05	3.80014e-05	4.76924e-05	3.37006e-05	3.95961e-05	3.53162e-05	4.09501e-05	3.56926e-05	2.16178e-05	2.21875e-05	2.83024e-05	2.26995e-05	2.80612e-05	2.20265e-05	2.01841e-05	2.0179e-05	1.51817e-05	1.84427e-05	9.04286e-06	0	0	0	0	0	0	0	0	0	0	0	0	0	0	0	0	0	0	0	0
d1_31	3.99392e-06	1.65567e-05	3.35644e-05	5.64171e-05	7.61052e-05	7.36708e-05	8.7852e-05	8.21919e-05	7.6711e-05	8.25888e-05	6.4694e-05	7.28481e-05	5.39919e-05	5.17863e-05	5.37765e-05	6.04955e-05	5.02545e-05	3.62478e-05	5.54074e-05	4.74109e-05	4.69164e-05	4.85475e-05	5.5246e-05	5.1921e-05	4.15309e-05	5.26478e-05	5.08685e-05	4.61533e-05	4.68996e-05	4.71764e-05	4.64831e-05	3.98154e-05	4.01461e-05	4.42071e-05	3.4409e-05	3.81444e-05	3.94696e-05	3.06939e-05	3.81953e-05	2.80391e-05	2.9376e-05	2.884e-05	2.10397e-05	2.45381e-05	2.95776e-05	2.67334e-05	1.71265e-05	8.29144e-06	0	0	0	0	0	0	0	0	0	0	0	0	0	0	0	0	0	0	0	0	0
d1_32	3.42566e-06	1.45955e-05	2.64678e-05	4.26958e-05	5.1659e-05	6.58445e-05	7.1432e-05	7.13003e-05	7.58582e-05	6.79773e-05	5.45438e-05	6.77057e-05	5.29008e-05	5.48547e-05	4.33705e-05	4.74619e-05	4.25119e-05	4.51572e-05	3.81633e-05	5.56077e-05	4.43196e-05	3.94847e-05	4.27943e-05	3.9931e-05	3.95045e-05	4.3022e-05	5.60213e-05	4.68432e-05	3.50772e-05	5.12265e-05	4.91864e-05	5.28834e-05	4.17445e-05	3.59425e-05	3.64043e-05	3.50594e-05	3.28937e-05	3.44729e-05	3.25818e-05	3.31712e-05	3.15239e-05	3.66446e-05	2.78041e-05	2.67231e-05	2.61195e-05	2.68205e-05	8.43809e-06	0	0	0	0	0	0	0	0	0	0	0	0	0	0	0	0	0	0	0	0	0	0
d1_33	2.13555e-06	1.05242e-05	2.44064e-05	4.13003e-05	5.27898e-05	5.55752e-05	6.51195e-05	6.98214e-05	6.96824e-05	6.48911e-05	5.50244e-05	5.18071e-05	6.06008e-05	5.61134e-05	4.47251e-05	5.16182e-05	4.56175e-05	4.39016e-05	5.08779e-05	4.63724e-05	4.5244e-05	4.62271e-05	4.44149e-05	5.33991e-05	3.88259e-05	4.48139e-05	4.20345e-05	4.555e-05	5.145e-05	4.57083e-05	4.20021e-05	4.91171e-05	3.33418e-05	3.49083e-05	4.00385e-05	3.45871e-05	4.25089e-05	4.44224e-05	3.79373e-05	2.60962e-05	2.4875e-05	3.14414e-05	3.3771e-05	2.9999e-05	2.8427e-05	1.32555e-05	0	0	0	0	0	0	0	0	0	0	0	0	0	0	0	0	0	0	0	0	0	0	0
d1_34	1.79652e-06	9.13104e-06	1.99164e-05	3.29974e-05	4.74512e-05	5.63836e-05	6.01781e-05	5.89058e-05	6.10488e-05	6.86256e-05	6.25648e-05	5.68138e-05	4.77659e-05	4.41645e-05	4.41546e-05	4.83131e-05	4.16611e-05	3.37399e-05	4.39928e-05	4.22178e-05	5.32253e-05	4.18274e-05	4.41232e-05	4.70908e-05	4.84104e-05	4.11084e-05	5.68135e-05	4.04664e-05	3.97967e-05	4.63591e-05	2.88448e-05	4.04794e-05	3.68007e-05	4.51366e-05	4.28383e-05	3.51073e-05	3.41841e-05	5.11446e-05	3.91405e-05	2.68976e-05	3.27424e-05	2.62859e-05	2.87641e-05	3.18444e-05	1.58212e-05	0	0	0	0	0	0	0	0	0	0	0	0	0	0	0	0	0	0	0	0	0	0	0	0
d1_35	1.20384e-06	8.45722e-06	1.24554e-05	2.3153e-05	3.92675e-05	5.01444e-05	4.56614e-05	5.36863e-05	5.32436e-05	5.43851e-05	4.94197e-05	5.25298e-05	4.56679e-05	4.58962e-05	4.48919e-05	4.4211e-05	4.53368e-05	4.84494e-05	3.78404e-05	5.61748e-05	4.03109e-05	3.49424e-05	4.4805e-05	3.80831e-05	4.83346e-05	4.86532e-05	4.04392e-05	5.11682e-05	4.56146e-05	4.79415e-05	3.21911e-05	3.86988e-05	3.96664e-05	4.17945e-05	4.84294e-05	4.29218e-05	3.42667e-05	3.47745e-05	4.03239e-05	3.32305e-05	3.56145e-05	3.49725e-05	2.36258e-05	1.15272e-05	0	0	0	0	0	0	0	0	0	0	0	0	0	0	0	0	0	0	0	0	0	0	0	0	0
d1_36	8.77203e-07	5.91278e-06	9.62787e-06	2.0521e-05	3.14732e-05	3.79846e-05	4.66813e-05	5.17109e-05	4.99765e-05	4.87996e-05	4.39128e-05	4.46048e-05	4.73425e-05	5.50942e-05	4.20691e-05	4.94295e-05	4.59579e-05	4.4609e-05	3.75304e-05	4.22604e-05	4.9701e-05	3.91641e-05	4.32986e-05	3.85739e-05	5.00721e-05	3.60315e-05	3.88329e-05	5.24612e-05	4.96133e-05	5.14846e-05	3.72373e-05	4.78263e-05	4.2997e-05	3.86719e-05	4.19873e-05	3.29709e-05	4.97213e-05	3.868e-05	3.30792e-05	2.30273e-05	3.81593e-05	3.01804e-05	1.78138e-05	0	0	0	0	0	0	0	0	0	0	0	0	0	0	0	0	0	0	0	0	0	0	0	0	0	0
d1_37	1.05224e-06	5.18941e-06	1.22189e-05	2.11494e-05	2.80583e-05	2.86862e-05	3.8569e-05	4.31004e-05	4.39774e-05	4.14173e-05	4.41028e-05	4.43434e-05	4.91879e-05	4.81269e-05	3.29415e-05	5.22511e-05	4.80745e-05	5.30933e-05	5.04282e-05	4.78208e-05	3.90462e-05	3.92604e-05	4.65928e-05	4.62144e-05	4.21151e-05	5.2862e-05	4.52861e-05	4.05023e-05	5.03216e-05	3.98087e-05	4.16458e-05	4.81936e-05	3.57417e-05	4.63861e-05	4.68302e-05	4.24641e-05	3.2661e-05	5.2642e-05	5.26131e-05	3.14685e-05	4.01023e-05	1.47666e-05	0	0	0	0	0	0	0	0	0	0	0	0	0	0	0	0	0	0	0	0	0	0	0	0	0	0	0
d1_38	4.30382e-07	3.5855e-06	5.00157e-06	1.69036e-05	1.75637e-05	2.66181e-05	3.95686e-05	3.66469e-05	4.02985e-05	4.24598e-05	4.36155e-05	4.53324e-05	3.72667e-05	4.27119e-05	3.97e-05	3.72761e-05	3.3328e-05	3.8177e-05	4.08405e-05	3.76196e-05	4.35341e-05	3.90883e-05	3.85241e-05	4.04505e-05	5.0599e-05	4.23521e-05	3.39622e-05	4.67106e-05	3.28326e-05	4.09013e-05	4.72243e-05	4.88537e-05	3.67245e-05	3.99561e-05	3.75011e-05	4.60501e-05	3.04097e-05	3.91184e-05	3.29254e-05	4.30675e-05	2.27423e-05	0	0	0	0	0	0	0	0	0	0	0	0	0	0	0	0	0	0	0	0	0	0	0	0	0	0	0	0
d1_39	8.66706e-07	1.78241e-06	4.96314e-06	1.3433e-05	1.64247e-05	3.02997e-05	3.81729e-05	3.54157e-05	4.01627e-05	3.77231e-05	3.8121e-05	3.81508e-05	4.26973e-05	4.89852e-05	4.40042e-05	3.13854e-05	3.22924e-05	3.92085e-05	3.76146e-05	4.69546e-05	3.57129e-05	5.15267e-05	3.5497e-05	4.21047e-05	3.48546e-05	3.88396e-05	5.0233e-05	4.71698e-05	3.89317e-05	4.45146e-05	4.74525e-05	4.18097e-05	3.36213e-05	4.33414e-05	3.3965e-05	4.34543e-05	5.02494e-05	4.00822e-05	4.00449e-05	1.85011e-05	0	0	0	0	0	0	0	0	0	0	0	0	0	0	0	0	0	0	0	0	0	0	0	0	0	0	0	0	0
d1_40	3.85818e-07	2.84466e-06	6.09873e-06	1.02588e-05	1.7866e-05	2.86201e-05	3.15491e-05	3.24146e-05	3.15893e-05	3.55393e-05	3.86481e-05	3.72602e-05	3.79744e-05	2.5432e-05	4.25631e-05	3.95649e-05	3.93402e-05	3.62142e-05	3.65336e-05	4.39688e-05	3.60259e-05	5.12511e-05	3.67109e-05	4.43173e-05	4.22009e-05	3.95572e-05	3.97761e-05	4.50702e-05	3.80749e-05	3.9718e-05	4.03848e-05	4.93824e-05	4.23275e-05	5.48064e-05	4.87437e-05	5.38635e-05	3.14056e-05	4.51303e-05	1.43367e-05	0	0	0	0	0	0	0	0	0	0	0	0	0	0	0	0	0	0	0	0	0	0	0	0	0	0	0	0	0	0
d1_41	0	8.1917e-07	3.47816e-06	7.10876e-06	1.5809e-05	1.91002e-05	2.36611e-05	2.60039e-05	3.50787e-05	3.88614e-05	3.87542e-05	3.15821e-05	2.96996e-05	3.49774e-05	3.58063e-05	3.4162e-05	3.77802e-05	2.57496e-05	4.21936e-05	3.93725e-05	3.18446e-05	3.20143e-05	3.9595e-05	3.6556e-05	4.69172e-05	4.09528e-05	3.91764e-05	4.03559e-05	4.52736e-05	3.35115e-05	3.96638e-05	4.47018e-05	3.82796e-05	4.25308e-05	4.20497e-05	3.86689e-05	3.69107e-05	1.28521e-05	0	0	0	0	0	0	0	0	0	0	0	0	0	0	0	0	0	0	0	0	0	0	0	0	0	0	0	0	0	0	0
d1_42	8.82491e-07	1.54289e-06	5.01125e-06	6.72831e-06	1.07617e-05	1.77678e-05	2.01847e-05	2.78169e-05	3.19121e-05	3.02209e-05	3.39711e-05	3.96413e-05	3.06376e-05	3.85246e-05	3.07823e-05	4.21216e-05	2.57813e-05	3.1733e-05	3.77172e-05	3.56945e-05	3.38806e-05	3.87552e-05	3.70812e-05	4.69305e-05	4.52994e-05	4.03512e-05	4.40201e-05	2.92461e-05	3.60622e-05	3.25294e-05	5.09512e-05	3.54865e-05	4.14189e-05	5.0632e-05	4.31118e-05	3.77711e-05	2.14724e-05	0	0	0	0	0	0	0	0	0	0	0	0	0	0	0	0	0	0	0	0	0	0	0	0	0	0	0	0	0	0	0	0
d1_43	2.15158e-07	9.81927e-07	2.71302e-06	3.57609e-06	9.92235e-06	1.58986e-05	1.73011e-05	1.93364e-05	2.26992e-05	2.962e-05	3.00572e-05	2.81759e-05	3.13105e-05	2.72669e-05	3.20202e-05	3.02849e-05	2.98145e-05	3.32034e-05	3.8751e-05	4.04719e-05	4.02328e-05	4.02473e-05	3.36475e-05	3.96508e-05	3.50936e-05	3.9077e-05	4.14542e-05	3.61738e-05	4.1904e-05	4.19904e-05	4.06078e-05	5.03865e-05	4.33673e-05	4.68527e-05	4.11665e-05	2.25696e-05	0	0	0	0	0	0	0	0	0	0	0	0	0	0	0	0	0	0	0	0	0	0	0	0	0	0	0	0	0	0	0	0	0
d1_44	2.07655e-07	5.5238e-07	1.78639e-06	4.51976e-06	1.16854e-05	1.04547e-05	1.32029e-05	1.94058e-05	2.33808e-05	2.46478e-05	3.21769e-05	2.60567e-05	2.2555e-05	2.84249e-05	3.40342e-05	3.52743e-05	2.62718e-05	3.78591e-05	3.74306e-05	3.94973e-05	4.21651e-05	3.22887e-05	3.85142e-05	3.40787e-05	2.9499e-05	3.46794e-05	4.29443e-05	4.14631e-05	4.72964e-05	3.55815e-05	4.04539e-05	3.05115e-05	4.31036e-05	3.66507e-05	1.84953e-05	0	0	0	0	0	0	0	0	0	0	0	0	0	0	0	0	0	0	0	0	0	0	0	0	0	0	0	0	0	0	0	0	0	0
d1_45	4.22315e-08	6.60467e-07	4.21654e-06	4.09882e-06	6.27402e-06	8.5929e-06	1.17419e-05	1.68751e-05	2.23513e-05	2.0719e-05	2.85664e-05	2.39674e-05	1.63943e-05	2.84204e-05	2.20618e-05	2.24667e-05	2.10053e-05	2.40903e-05	2.6809e-05	2.53364e-05	2.89766e-05	2.85464e-05	4.0739e-05	3.00638e-05	3.80814e-05	3.82907e-05	5.09625e-05	3.48103e-05	4.19936e-05	5.14396e-05	4.48402e-05	4.08994e-05	4.03774e-05	2.25696e-05	0	0	0	0	0	0	0	0	0	0	0	0	0	0	0	0	0	0	0	0	0	0	0	0	0	0	0	0	0	0	0	0	0	0	0
d1_46	0	2.01848e-07	2.04714e-06	4.41852e-06	5.61755e-06	7.04695e-06	1.38912e-05	1.48293e-05	2.32608e-05	1.9392e-05	2.48752e-05	2.62312e-05	3.05232e-05	1.61096e-05	2.22814e-05	2.2251e-05	2.88173e-05	2.22762e-05	2.57788e-05	2.88842e-05	3.22345e-05	3.50513e-05	4.33969e-05	2.53069e-05	3.07822e-05	3.27058e-05	3.68155e-05	3.72947e-05	4.08688e-05	5.37515e-05	3.6877e-05	4.2311e-05	2.14724e-05	0	0	0	0	0	0	0	0	0	0	0	0	0	0	0	0	0	0	0	0	0	0	0	0	0	0	0	0	0	0	0	0	0	0	0	0
d1_47	6.82596e-08	8.89183e-07	7.57677e-07	2.90976e-06	5.86161e-06	8.65264e-06	5.92174e-06	1.25494e-05	1.23987e-05	1.66728e-05	2.25154e-05	1.76815e-05	1.93823e-05	1.88152e-05	2.65272e-05	2.40515e-05	2.52934e-05	2.46573e-05	2.32374e-05	2.91898e-05	3.04271e-05	3.07242e-05	3.42347e-05	3.50834e-05	4.4304e-05	3.07208e-05	3.93432e-05	4.66367e-05	3.64239e-05	3.63066e-05	4.71727e-05	1.28521e-05	0	0	0	0	0	0	0	0	0	0	0	0	0	0	0	0	0	0	0	0	0	0	0	0	0	0	0	0	0	0	0	0	0	0	0	0	0
d1_48	0	5.90549e-07	5.50535e-07	9.87618e-07	3.32133e-06	4.94706e-06	8.24366e-06	1.44716e-05	1.37181e-05	9.59785e-06	1.64934e-05	2.00719e-05	2.08808e-05	1.75674e-05	1.80542e-05	2.59903e-05	2.33311e-05	2.94064e-05	2.95789e-05	2.98769e-05	2.80957e-05	2.59168e-05	3.9723e-05	3.61995e-05	3.62677e-05	3.47547e-05	3.89443e-05	3.41438e-05	3.93567e-05	3.88141e-05	1.43367e-05	0	0	0	0	0	0	0	0	0	0	0	0	0	0	0	0	0	0	0	0	0	0	0	0	0	0	0	0	0	0	0	0	0	0	0	0	0	0
d1_49	1.89383e-07	3.89842e-07	7.91737e-07	1.09688e-06	3.35557e-06	3.55533e-06	8.45497e-06	7.46704e-06	8.77833e-06	1.42963e-05	2.05878e-05	1.40634e-05	1.83467e-05	2.48139e-05	2.51263e-05	2.2112e-05	2.40947e-05	3.09317e-05	2.83475e-05	2.67184e-05	3.494e-05	2.43372e-05	2.81e-05	3.41465e-05	3.2969e-05	3.32903e-05	3.60764e-05	3.92278e-05	2.5789e-05	1.85011e-05	0	0	0	0	0	0	0	0	0	0	0	0	0	0	0	0	0	0	0	0	0	0	0	0	0	0	0	0	0	0	0	0	0	0	0	0	0	0	0
d1_50	0	7.39051e-09	5.30904e-07	1.81562e-06	1.74958e-06	3.34631e-06	6.18429e-06	7.08793e-06	1.06647e-05	1.24581e-05	1.14195e-05	1.13478e-05	1.94133e-05	1.41266e-05	2.02342e-05	1.94514e-05	1.51803e-05	2.89595e-05	1.76949e-05	2.40658e-05	2.90311e-05	2.4543e-05	2.92111e-05	3.1926e-05	3.45765e-05	2.95435e-05	3.43882e-05	3.22514e-05	2.27423e-05	0	0	0	0	0	0	0	0	0	0	0	0	0	0	0	0	0	0	0	0	0	0	0	0	0	0	0	0	0	0	0	0	0	0	0	0	0	0	0	0
d1_51	0	1.46237e-07	2.05641e-07	7.75112e-07	4.37914e-06	4.65644e-06	5.40988e-06	6.75644e-06	1.01723e-05	8.21611e-06	1.27293e-05	1.48044e-05	1.27574e-05	1.63319e-05	1.3044e-05	1.57134e-05	1.88745e-05	2.10708e-05	2.84125e-05	2.37847e-05	2.24515e-05	2.36207e-05	3.67494e-05	3.89978e-05	2.91087e-05	3.93895e-05	3.89453e-05	1.47666e-05	0	0	0	0	0	0	0	0	0	0	0	0	0	0	0	0	0	0	0	0	0	0	0	0	0	0	0	0	0	0	0	0	0	0	0	0	0	0	0	0	0
d1_52	0	0	1.03734e-07	8.74828e-07	1.98233e-06	2.57682e-06	3.817e-06	6.60053e-06	5.46812e-06	9.283e-06	8.26123e-06	1.81822e-05	1.22048e-05	1.22298e-05	2.03517e-05	1.48303e-05	1.41132e-05	1.72875e-05	2.35236e-05	1.8528e-05	2.09486e-05	3.09196e-05	2.11926e-05	3.12218e-05	2.59587e-05	2.64373e-05	1.78138e-05	0	0	0	0	0	0	0	0	0	0	0	0	0	0	0	0	0	0	0	0	0	0	0	0	0	0	0	0	0	0	0	0	0	0	0	0	0	0	0	0	0	0
d1_53	0	0	9.2985e-07	2.50206e-07	1.39857e-06	1.25276e-06	3.46891e-06	3.88531e-06	6.37399e-06	7.10864e-06	9.45612e-06	1.47801e-05	1.12832e-05	1.44753e-05	1.68433e-05	1.68411e-05	2.55349e-05	2.09159e-05	2.30242e-05	2.01984e-05	1.96804e-05	1.94381e-05	2.74964e-05	2.89917e-05	2.40692e-05	1.15272e-05	0	0	0	0	0	0	0	0	0	0	0	0	0	0	0	0	0	0	0	0	0	0	0	0	0	0	0	0	0	0	0	0	0	0	0	0	0	0	0	0	0	0	0
d1_54	0	1.99254e-08	4.50229e-07	6.72384e-07	8.68174e-07	1.31632e-06	3.15826e-06	3.376e-06	4.85759e-06	7.72835e-06	8.67881e-06	1.26289e-05	1.0961e-05	9.15441e-06	1.15381e-05	1.38001e-05	1.76948e-05	1.84676e-05	1.62641e-05	2.09382e-05	2.57055e-05	2.56123e-05	2.01013e-05	2.34083e-05	1.58212e-05	0	0	0	0	0	0	0	0	0	0	0	0	0	0	0	0	0	0	0	0	0	0	0	0	0	0	0	0	0	0	0	0	0	0	0	0	0	0	0	0	0	0	0	0
d1_55	0	0	4.33611e-07	1.55055e-07	6.73037e-07	1.12323e-06	1.98702e-06	1.58562e-06	5.14555e-06	7.57582e-06	6.47969e-06	8.52946e-06	1.04187e-05	1.32418e-05	1.27715e-05	1.24101e-05	1.35603e-05	1.18334e-05	1.77558e-05	1.70449e-05	1.5689e-05	2.22064e-05	2.25783e-05	1.32555e-05	0	0	0	0	0	0	0	0	0	0	0	0	0	0	0	0	0	0	0	0	0	0	0	0	0	0	0	0	0	0	0	0	0	0	0	0	0	0	0	0	0	0	0	0	0
d1_56	0	0	1.137e-08	5.46258e-07	3.42957e-07	2.05961e-06	2.51033e-06	3.82553e-06	5.3166e-06	6.05154e-06	3.61919e-06	1.02804e-05	1.14689e-05	1.12971e-05	1.16173e-05	1.74321e-05	1.03599e-05	1.64276e-05	1.74923e-05	2.33722e-05	1.95903e-05	2.44745e-05	8.43809e-06	0	0	0	0	0	0	0	0	0	0	0	0	0	0	0	0	0	0	0	0	0	0	0	0	0	0	0	0	0	0	0	0	0	0	0	0	0	0	0	0	0	0	0	0	0	0
d1_57	0	0	4.46679e-09	3.98954e-07	2.14589e-06	1.63542e-06	3.02538e-06	2.35837e-06	4.20662e-06	3.07146e-06	5.80868e-06	7.69441e-06	8.76085e-06	1.25552e-05	1.06139e-05	9.3362e-06	9.76108e-06	1.03822e-05	1.43878e-05	1.68849e-05	1.54219e-05	8.29144e-06	0	0	0	0	0	0	0	0	0	0	0	0	0	0	0	0	0	0	0	0	0	0	0	0	0	0	0	0	0	0	0	0	0	0	0	0	0	0	0	0	0	0	0	0	0	0	0
d1_58	0	0	1.21511e-07	1.87605e-08	5.52393e-07	2.06431e-07	1.11072e-06	2.32682e-06	2.59814e-06	2.96518e-06	3.7856e-06	1.11306e-05	9.52287e-06	5.31556e-06	4.82719e-06	1.21523e-05	1.17471e-05	1.42992e-05	7.41372e-06	1.0641e-05	9.04286e-06	0	0	0	0	0	0	0	0	0	0	0	0	0	0	0	0	0	0	0	0	0	0	0	0	0	0	0	0	0	0	0	0	0	0	0	0	0	0	0	0	0	0	0	0	0	0	0	0
d1_59	0	0	0	0	3.25066e-07	1.25161e-07	7.36575e-07	6.79198e-07	3.13151e-06	3.4328e-06	3.85648e-06	3.38985e-06	5.60523e-06	8.9319e-06	1.03842e-05	1.19275e-05	7.80665e-06	9.05188e-06	1.146e-05	6.87847e-06	0	0	0	0	0	0	0	0	0	0	0	0	0	0	0	0	0	0	0	0	0	0	0	0	0	0	0	0	0	0	0	0	0	0	0	0	0	0	0	0	0	0	0	0	0	0	0	0	0
d1_60	0	0	0	0	1.64161e-07	5.15296e-07	1.32943e-06	1.49881e-06	2.78692e-06	1.61993e-06	4.71185e-06	3.19582e-06	6.98468e-06	5.80342e-06	7.88336e-06	6.47441e-06	1.65124e-05	1.02081e-05	4.04887e-06	0	0	0	0	0	0	0	0	0	0	0	0	0	0	0	0	0	0	0	0	0	0	0	0	0	0	0	0	0	0	0	0	0	0	0	0	0	0	0	0	0	0	0	0	0	0	0	0	0	0
d1_61	0	0	0	2.99038e-07	3.38732e-08	5.29541e-07	1.35455e-06	8.38957e-07	9.20895e-07	1.64927e-06	3.87982e-06	4.03228e-06	2.93699e-06	5.53478e-06	1.04092e-05	7.23213e-06	9.10634e-06	6.79063e-06	0	0	0	0	0	0	0	0	0	0	0	0	0	0	0	0	0	0	0	0	0	0	0	0	0	0	0	0	0	0	0	0	0	0	0	0	0	0	0	0	0	0	0	0	0	0	0	0	0	0	0
d1_62	0	0	0	0	1.21576e-06	1.37379e-07	2.20935e-07	1.54746e-06	2.24102e-06	3.1111e-06	2.66277e-06	2.52388e-06	1.71347e-06	7.79594e-06	3.76541e-06	9.90673e-06	3.03715e-06	0	0	0	0	0	0	0	0	0	0	0	0	0	0	0	0	0	0	0	0	0	0	0	0	0	0	0	0	0	0	0	0	0	0	0	0	0	0	0	0	0	0	0	0	0	0	0	0	0	0	0	0
d1_63	0	0	0	0	3.76265e-08	1.64657e-07	1.00127e-07	7.0117e-07	1.09801e-06	1.33323e-06	9.51722e-07	2.72644e-06	2.2667e-06	6.37305e-06	5.65541e-06	3.97482e-06	0	0	0	0	0	0	0	0	0	0	0	0	0	0	0	0	0	0	0	0	0	0	0	0	0	0	0	0	0	0	0	0	0	0	0	0	0	0	0	0	0	0	0	0	0	0	0	0	0	0	0	0	0
d1_64	0	0	0	0	1.58368e-08	7.83628e-08	2.12917e-07	2.83764e-07	3.79975e-07	1.00953e-06	1.47863e-06	2.24482e-06	3.79721e-06	2.69463e-06	3.00149e-06	0	0	0	0	0	0	0	0	0	0	0	0	0	0	0	0	0	0	0	0	0	0	0	0	0	0	0	0	0	0	0	0	0	0	0	0	0	0	0	0	0	0	0	0	0	0	0	0	0	0	0	0	0	0
d1_65	0	0	0	0	0	2.41167e-07	3.69692e-07	1.83645e-06	1.66044e-07	7.57635e-07	7.39789e-07	2.93711e-06	2.2186e-06	9.56484e-07	0	0	0	0	0	0	0	0	0	0	0	0	0	0	0	0	0	0	0	0	0	0	0	0	0	0	0	0	0	0	0	0	0	0	0	0	0	0	0	0	0	0	0	0	0	0	0	0	0	0	0	0	0	0	0
d1_66	0	0	0	0	0	9.7311e-08	4.09033e-08	0	2.54538e-08	1.65443e-06	5.6348e-07	1.05694e-06	7.9323e-07	0	0	0	0	0	0	0	0	0	0	0	0	0	0	0	0	0	0	0	0	0	0	0	0	0	0	0	0	0	0	0	0	0	0	0	0	0	0	0	0	0	0	0	0	0	0	0	0	0	0	0	0	0	0	0	0
d1_67	0	0	0	0	0	0	1.21943e-07	9.36685e-08	3.36586e-07	4.79771e-07	2.94204e-06	1.13959e-07	0	0	0	0	0	0	0	0	0	0	0	0	0	0	0	0	0	0	0	0	0	0	0	0	0	0	0	0	0	0	0	0	0	0	0	0	0	0	0	0	0	0	0	0	0	0	0	0	0	0	0	0	0	0	0	0	0
d1_68	0	0	0	0	0	0	1.12911e-06	7.17062e-07	1.09064e-06	9.95958e-07	2.25291e-07	0	0	0	0	0	0	0	0	0	0	0	0	0	0	0	0	0	0	0	0	0	0	0	0	0	0	0	0	0	0	0	0	0	0	0	0	0	0	0	0	0	0	0	0	0	0	0	0	0	0	0	0	0	0	0	0	0	0
d1_69	0	0	0	0	0	3.34747e-08	0	1.67543e-07	1.12869e-07	4.52299e-07	0	0	0	0	0	0	0	0	0	0	0	0	0	0	0	0	0	0	0	0	0	0	0	0	0	0	0	0	0	0	0	0	0	0	0	0	0	0	0	0	0	0	0	0	0	0	0	0	0	0	0	0	0	0	0	0	0	0	0
d1_70	0	0	0	0	0	7.22627e-08	9.48449e-08	1.47029e-07	7.74244e-08	0	0	0	0	0	0	0	0	0	0	0	0	0	0	0	0	0	0	0	0	0	0	0	0	0	0	0	0	0	0	0	0	0	0	0	0	0	0	0	0	0	0	0	0	0	0	0	0	0	0	0	0	0	0	0	0	0	0	0	0
d1_71	0	0	0	0	0	0	0	0	0	0	0	0	0	0	0	0	0	0	0	0	0	0	0	0	0	0	0	0	0	0	0	0	0	0	0	0	0	0	0	0	0	0	0	0	0	0	0	0	0	0	0	0	0	0	0	0	0	0	0	0	0	0	0	0	0	0	0	0	0
d1_72	0	0	0	0	0	0	0	0	0	0	0	0	0	0	0	0	0	0	0	0	0	0	0	0	0	0	0	0	0	0	0	0	0	0	0	0	0	0	0	0	0	0	0	0	0	0	0	0	0	0	0	0	0	0	0	0	0	0	0	0	0	0	0	0	0	0	0	0	0
d1_73	0	0	0	0	0	0	0	0	0	0	0	0	0	0	0	0	0	0	0	0	0	0	0	0	0	0	0	0	0	0	0	0	0	0	0	0	0	0	0	0	0	0	0	0	0	0	0	0	0	0	0	0	0	0	0	0	0	0	0	0	0	0	0	0	0	0	0	0	0
d1_74	0	0	0	0	0	0	0	0	0	0	0	0	0	0	0	0	0	0	0	0	0	0	0	0	0	0	0	0	0	0	0	0	0	0	0	0	0	0	0	0	0	0	0	0	0	0	0	0	0	0	0	0	0	0	0	0	0	0	0	0	0	0	0	0	0	0	0	0	0
d1_75	0	0	0	0	0	0	0	0	0	0	0	0	0	0	0	0	0	0	0	0	0	0	0	0	0	0	0	0	0	0	0	0	0	0	0	0	0	0	0	0	0	0	0	0	0	0	0	0	0	0	0	0	0	0	0	0	0	0	0	0	0	0	0	0	0	0	0	0	0
d1_76	0	0	0	0	0	0	0	0	0	0	0	0	0	0	0	0	0	0	0	0	0	0	0	0	0	0	0	0	0	0	0	0	0	0	0	0	0	0	0	0	0	0	0	0	0	0	0	0	0	0	0	0	0	0	0	0	0	0	0	0	0	0	0	0	0	0	0	0	0
d1_77	0	0	0	0	0	0	0	0	0	0	0	0	0	0	0	0	0	0	0	0	0	0	0	0	0	0	0	0	0	0	0	0	0	0	0	0	0	0	0	0	0	0	0	0	0	0	0	0	0	0	0	0	0	0	0	0	0	0	0	0	0	0	0	0	0	0	0	0	0
d1_78	0	0	0	0	0	0	0	0	0	0	0	0	0	0	0	0	0	0	0	0	0	0	0	0	0	0	0	0	0	0	0	0	0	0	0	0	0	0	0	0	0	0	0	0	0	0	0	0	0	0	0	0	0	0	0	0	0	0	0	0	0	0	0	0	0	0	0	0	0
d1_79	0	0	0	0	0	0	0	0	0	0	0	0	0	0	0	0	0	0	0	0	0	0	0	0	0	0	0	0	0	0	0	0	0	0	0	0	0	0	0	0	0	0	0	0	0	0	0	0	0	0	0	0	0	0	0	0	0	0	0	0	0	0	0	0	0	0	0	0	0
d1_80	0	0	0	0	0	0	0	0	0	0	0	0	0	0	0	0	0	0	0	0	0	0	0	0	0	0	0	0	0	0	0	0	0	0	0	0	0	0	0	0	0	0	0	0	0	0	0	0	0	0	0	0	0	0	0	0	0	0	0	0	0	0	0	0	0	0	0	0	0
d1_81	0	0	0	0	0	0	0	0	0	0	0	0	0	0	0	0	0	0	0	0	0	0	0	0	0	0	0	0	0	0	0	0	0	0	0	0	0	0	0	0	0	0	0	0	0	0	0	0	0	0	0	0	0	0	0	0	0	0	0	0	0	0	0	0	0	0	0	0	0
d1_82	0	0	0	0	0	0	0	0	0	0	0	0	0	0	0	0	0	0	0	0	0	0	0	0	0	0	0	0	0	0	0	0	0	0	0	0	0	0	0	0	0	0	0	0	0	0	0	0	0	0	0	0	0	0	0	0	0	0	0	0	0	0	0	0	0	0	0	0	0
d1_83	0	0	0	0	0	0	0	0	0	0	0	0	0	0	0	0	0	0	0	0	0	0	0	0	0	0	0	0	0	0	0	0	0	0	0	0	0	0	0	0	0	0	0	0	0	0	0	0	0	0	0	0	0	0	0	0	0	0	0	0	0	0	0	0	0	0	0	0	0
d1_84	0	0	0	0	0	0	0	0	0	0	0	0	0	0	0	0	0	0	0	0	0	0	0	0	0	0	0	0	0	0	0	0	0	0	0	0	0	0	0	0	0	0	0	0	0	0	0	0	0	0	0	0	0	0	0	0	0	0	0	0	0	0	0	0	0	0	0	0	0
d1_85	0	0	0	0	0	0	0	0	0	0	0	0	0	0	0	0	0	0	0	0	0	0	0	0	0	0	0	0	0	0	0	0	0	0	0	0	0	0	0	0	0	0	0	0	0	0	0	0	0	0	0	0	0	0	0	0	0	0	0	0	0	0	0	0	0	0	0	0	0
d1_86	0	0	0	0	0	0	0	0	0	0	0	0	0	0	0	0	0	0	0	0	0	0	0	0	0	0	0	0	0	0	0	0	0	0	0	0	0	0	0	0	0	0	0	0	0	0	0	0	0	0	0	0	0	0	0	0	0	0	0	0	0	0	0	0	0	0	0	0	0
d1_87	0	0	0	0	0	0	0	0	0	0	0	0	0	0	0	0	0	0	0	0	0	0	0	0	0	0	0	0	0	0	0	0	0	0	0	0	0	0	0	0	0	0	0	0	0	0	0	0	0	0	0	0	0	0	0	0	0	0	0	0	0	0	0	0	0	0	0	0	0
d1_88	0	0	0	0	0	0	0	0	0	0	0	0	0	0	0	0	0	0	0	0	0	0	0	0	0	0	0	0	0	0	0	0	0	0	0	0	0	0	0	0	0	0	0	0	0	0	0	0	0	0	0	0	0	0	0	0	0	0	0	0	0	0	0	0	0	0	0	0	0
