	d0_0	d0_1	d0_2	d0_3	d0_4	d0_5	d0_6	d0_7	d0_8	d0_9	d0_10	d0_11	d0_12	d0_13	d0_14	d0_15	d0_16
d1_0	0	0.0310674	0.0116066	0.00533858	0.00270477	0.00141669	0.000737899	0.000406704	0.000212275	0.000114666	5.0526e-05	2.46806e-05	8.93424e-06	4.16447e-06	9.4074e-07	8.59268e-07	1.84914e-07
d1_1	0.36049	0.00687857	0.00411768	0.0025404	0.00163569	0.00101621	0.000644894	0.000399542	0.000236319	0.000136583	8.38341e-05	3.8957e-05	2.12043e-05	1.06682e-05	1.84845e-06	7.92078e-07	8.22575e-07
d1_2	0.147747	0.00512854	0.0032691	0.00212381	0.00141713	0.00092774	0.000649837	0.000388691	0.00025569	0.000144111	9.23239e-05	5.0522e-05	2.72413e-05	1.51757e-05	3.94256e-06	3.787e-06	1.757e-07
d1_3	0.0802294	0.00420063	0.00269294	0.00177983	0.00122636	0.000849338	0.000604396	0.000430194	0.000281322	0.000167868	0.000104597	6.43716e-05	3.86899e-05	1.9839e-05	8.20392e-06	3.21555e-06	1.45992e-06
d1_4	0.0489704	0.00340338	0.00215772	0.0015096	0.00111476	0.000791128	0.000559795	0.00038687	0.000290332	0.000193403	0.000128759	7.07197e-05	4.48168e-05	2.742e-05	1.3747e-05	6.07648e-06	3.16636e-06
d1_5	0.0320231	0.00279457	0.00182821	0.00135508	0.000982197	0.000728708	0.000539791	0.000395464	0.000290428	0.000196232	0.000141101	9.38552e-05	5.72705e-05	3.17079e-05	1.7901e-05	6.0678e-06	1.92016e-06
d1_6	0.021945	0.00229076	0.0015968	0.00117364	0.000875341	0.000709305	0.000547186	0.000368502	0.000287218	0.00020297	0.000144955	9.25549e-05	6.61207e-05	2.99329e-05	1.53871e-05	1.02491e-05	4.51786e-06
d1_7	0.0155584	0.00198626	0.00142529	0.00103648	0.000820308	0.00062922	0.000478618	0.000360671	0.000279735	0.000207574	0.00014239	0.000103816	6.65481e-05	4.26249e-05	2.26326e-05	1.27046e-05	3.0367e-06
d1_8	0.0112226	0.00167474	0.00125552	0.000914413	0.000781223	0.000561434	0.000470207	0.000377861	0.00026529	0.000186191	0.000141777	8.95947e-05	7.81509e-05	4.07698e-05	2.47829e-05	1.21382e-05	9.10026e-06
d1_9	0.00829578	0.00144014	0.00109119	0.000841021	0.000691852	0.000540095	0.000429466	0.000346925	0.000261267	0.000192216	0.000157635	0.0001102	8.07474e-05	4.99472e-05	3.70472e-05	1.42912e-05	4.73807e-06
d1_10	0.00631421	0.00128689	0.00094799	0.000772167	0.000639805	0.000511821	0.000380327	0.000344649	0.000268394	0.000203392	0.000148113	0.000111201	8.32382e-05	4.82741e-05	3.66254e-05	2.13301e-05	1.00478e-05
d1_11	0.00498801	0.00113606	0.00083038	0.000697705	0.000577523	0.000486519	0.000394162	0.000326126	0.00025404	0.000214943	0.00015344	0.000117643	9.47812e-05	6.0604e-05	3.38084e-05	1.55472e-05	9.80014e-06
d1_12	0.00390846	0.000947404	0.00082641	0.000609219	0.000497907	0.000449609	0.000382173	0.000291253	0.000253852	0.00019263	0.00015336	0.000115718	9.21576e-05	6.83657e-05	4.58344e-05	2.05677e-05	1.34127e-05
d1_13	0.00300035	0.000835924	0.000643404	0.000561849	0.000479039	0.000409971	0.000344955	0.000302982	0.000234639	0.000212441	0.000158746	0.000117943	8.77246e-05	6.58688e-05	4.28919e-05	2.57087e-05	1.06346e-05
d1_14	0.00251579	0.000751032	0.000626289	0.000532204	0.000486701	0.000377504	0.000327355	0.000286593	0.000245964	0.000185022	0.000147362	0.000111599	8.50974e-05	6.32413e-05	4.41607e-05	2.88265e-05	1.72061e-05
d1_15	0.00207143	0.000669318	0.00055366	0.00046928	0.000433824	0.000358609	0.000317539	0.000271656	0.000240001	0.000194125	0.000143247	0.000112978	9.79955e-05	7.37708e-05	4.45256e-05	2.81146e-05	1.44679e-05
d1_16	0.00172096	0.000605619	0.00052069	0.000435723	0.000413801	0.000341138	0.000301048	0.00025854	0.000243614	0.000187594	0.000157559	0.000119906	0.000102845	7.36128e-05	5.37337e-05	2.6948e-05	2.0468e-05
d1_17	0.0014257	0.000581951	0.000478075	0.000416849	0.000393162	0.000340753	0.00029607	0.000258253	0.000229571	0.000189162	0.000175289	0.000125487	9.9621e-05	6.87539e-05	5.72898e-05	4.39327e-05	2.34385e-05
d1_18	0.00120625	0.000508444	0.000437725	0.000393919	0.000336242	0.000325595	0.000287396	0.00023217	0.000219634	0.000186871	0.000175993	0.000112632	9.59904e-05	7.59899e-05	6.01843e-05	3.76113e-05	1.92519e-05
d1_19	0.00107835	0.00045336	0.000414258	0.000357487	0.000357189	0.00030088	0.000258651	0.000237116	0.000202242	0.000188993	0.000168748	0.000132176	0.000111738	9.2177e-05	6.04008e-05	3.8852e-05	2.47644e-05
d1_20	0.000866691	0.000418725	0.000376589	0.000321145	0.00032412	0.00027261	0.000251484	0.00024087	0.000222898	0.000162987	0.000143583	0.000119209	0.000119421	8.50603e-05	5.9564e-05	4.70998e-05	3.27359e-05
d1_21	0.000820722	0.000376812	0.000364052	0.00032271	0.000325544	0.000261876	0.000241628	0.000215664	0.000233098	0.000188533	0.000158236	0.000126249	0.000111217	8.93881e-05	7.02219e-05	5.10675e-05	2.5345e-05
d1_22	0.000665891	0.000380551	0.000299274	0.000293186	0.000264226	0.000241417	0.000252138	0.000228658	0.000214024	0.000182959	0.000160836	0.000125993	0.000125876	8.44401e-05	7.13168e-05	4.88515e-05	3.92266e-05
d1_23	0.000554439	0.000318399	0.000307553	0.000300001	0.000286335	0.000239916	0.000237888	0.000223618	0.0001842	0.000172508	0.000148767	0.000137926	0.000107793	8.77251e-05	8.2385e-05	5.92619e-05	3.30687e-05
d1_24	0.000520204	0.000302743	0.000279778	0.000257386	0.000266211	0.000254452	0.000219569	0.000209569	0.00017753	0.00017023	0.000160057	0.000126394	0.00011223	0.000102317	7.46973e-05	5.75881e-05	3.66169e-05
d1_25	0.000471787	0.000272071	0.000262613	0.000254085	0.000235633	0.000234221	0.000214717	0.000219686	0.000173416	0.000157872	0.000172117	0.000138838	0.000114811	9.09119e-05	8.05662e-05	5.94e-05	4.55291e-05
d1_26	0.000395251	0.000250102	0.000246096	0.000256109	0.000242061	0.000217761	0.00021365	0.000219514	0.000188843	0.000183119	0.000145754	0.000132653	0.00010589	9.49046e-05	7.44284e-05	5.84337e-05	4.96375e-05
d1_27	0.00036106	0.000221901	0.00024762	0.000218394	0.000241169	0.0002333	0.000228805	0.000196616	0.00019623	0.000164057	0.000174269	0.000136903	0.000133388	0.000110403	8.93871e-05	6.7093e-05	6.50685e-05
d1_28	0.000312564	0.000224296	0.000218081	0.000206551	0.000222035	0.00023252	0.000216595	0.000204224	0.000183325	0.000176681	0.000162488	0.000147924	0.00013827	0.00010409	7.78334e-05	6.35674e-05	5.85138e-05
d1_29	0.000293722	0.000201889	0.000200333	0.000206862	0.000224963	0.000214435	0.000185889	0.00019189	0.000183904	0.000179815	0.000174116	0.000152716	0.000128016	0.000116656	9.43794e-05	7.25452e-05	2.7649e-05
d1_30	0.000231028	0.000175663	0.000183002	0.000202815	0.000203773	0.000199333	0.000194616	0.000175603	0.000193291	0.000181552	0.000166193	0.000137823	0.000122489	0.000130815	0.000106275	4.40301e-05	0
d1_31	0.000216219	0.00017048	0.000195732	0.0001876	0.000181291	0.000181269	0.000178431	0.000189704	0.000173587	0.000176375	0.000169366	0.000137489	0.000131335	0.000121349	5.52679e-05	0	0
d1_32	0.000181294	0.00016748	0.000163454	0.000186805	0.000190699	0.000166342	0.000193631	0.000174558	0.000199427	0.000176286	0.000168999	0.000159986	0.000137768	6.08386e-05	0	0	0
d1_33	0.000185775	0.000162027	0.000199262	0.00017843	0.000182698	0.000176665	0.000190715	0.000193658	0.000187048	0.000182234	0.000154024	0.000157195	7.49213e-05	0	0	0	0
d1_34	0.000154702	0.000136805	0.000155209	0.000171618	0.000200385	0.000196822	0.000186898	0.00018495	0.000201104	0.000163096	0.000182123	7.6316e-05	0	0	0	0	0
d1_35	0.000156009	0.000138361	0.000153255	0.000154388	0.000165345	0.000184235	0.000171774	0.000164136	0.000174893	0.000188533	9.18814e-05	0	0	0	0	0	0
d1_36	0.000140257	0.000138864	0.000153262	0.000162913	0.000179476	0.000184229	0.000175124	0.000186435	0.000167761	8.59228e-05	0	0	0	0	0	0	0
d1_37	0.000137537	0.000129579	0.0001392	0.000160323	0.000158684	0.00017435	0.000190337	0.000172793	9.56908e-05	0	0	0	0	0	0	0	0
d1_38	0.000117592	0.000127542	0.000133175	0.000144102	0.000150827	0.000167842	0.000173317	8.59228e-05	0	0	0	0	0	0	0	0	0
d1_39	0.000120287	0.000112431	0.000124059	0.000140499	0.000148324	0.000157811	9.18814e-05	0	0	0	0	0	0	0	0	0	0
d1_40	8.89875e-05	9.4071e-05	0.000115321	0.000141298	0.000140499	7.6316e-05	0	0	0	0	0	0	0	0	0	0	0
d1_41	8.63322e-05	0.000100996	0.00012165	0.000126219	7.49213e-05	0	0	0	0	0	0	0	0	0	0	0	0
d1_42	7.14479e-05	9.03255e-05	0.000101011	6.08386e-05	0	0	0	0	0	0	0	0	0	0	0	0	0
d1_43	8.01638e-05	8.75365e-05	5.52679e-05	0	0	0	0	0	0	0	0	0	0	0	0	0	0
d1_44	6.89987e-05	4.40301e-05	0	0	0	0	0	0	0	0	0	0	0	0	0	0	0
d1_45	2.7649e-05	0	0	0	0	0	0	0	0	0	0	0	0	0	0	0	0
d1_46	0	0	0	0	0	0	0	0	0	0	0	0	0	0	0	0	0
d1_47	0	0	0	0	0	0	0	0	0	0	0	0	0	0	0	0	0
d1_48	0	0	0	0	0	0	0	0	0	0	0	0	0	0	0	0	0
d1_49	0	0	0	0	0	0	0	0	0	0	0	0	0	0	0	0	0
d1_50	0	0	0	0	0	0	0	0	0	0	0	0	0	0	0	0	0
d1_51	0	0	0	0	0	0	0	0	0	0	0	0	0	0	0	0	0
d1_52	0	0	0	0	0	0	0	0	0	0	0	0	0	0	0	0	0
d1_53	0	0	0	0	0	0	0	0	0	0	0	0	0	0	0	0	0
d1_54	0	0	0	0	0	0	0	0	0	0	0	0	0	0	0	0	0
d1_55	0	0	0	0	0	0	0	0	0	0	0	0	0	0	0	0	0
d1_56	0	0	0	0	0	0	0	0	0	0	0	0	0	0	0	0	0
d1_57	0	0	0	0	0	0	0	0	0	0	0	0	0	0	0	0	0
d1_58	0	0	0	0	0	0	0	0	0	0	0	0	0	0	0	0	0
d1_59	0	0	0	0	0	0	0	0	0	0	0	0	0	0	0	0	0
d1_60	0	0	0	0	0	0	0	0	0	0	0	0	0	0	0	0	0
d1_61	0	0	0	0	0	0	0	0	0	0	0	0	0	0	0	0	0
d1_62	0	0	0	0	0	0	0	0	0	0	0	0	0	0	0	0	0
d1_63	0	0	0	0	0	0	0	0	0	0	0	0	0	0	0	0	0
d1_64	0	0	0	0	0	0	0	0	0	0	0	0	0	0	0	0	0
d1_65	0	0	0	0	0	0	0	0	0	0	0	0	0	0	0	0	0
d1_66	0	0	0	0	0	0	0	0	0	0	0	0	0	0	0	0	0
d1_67	0	0	0	0	0	0	0	0	0	0	0	0	0	0	0	0	0
d1_68	0	0	0	0	0	0	0	0	0	0	0	0	0	0	0	0	0
d1_69	0	0	0	0	0	0	0	0	0	0	0	0	0	0	0	0	0
d1_70	0	0	0	0	0	0	0	0	0	0	0	0	0	0	0	0	0
d1_71	0	0	0	0	0	0	0	0	0	0	0	0	0	0	0	0	0
d1_72	0	0	0	0	0	0	0	0	0	0	0	0	0	0	0	0	0
d1_73	0	0	0	0	0	0	0	0	0	0	0	0	0	0	0	0	0
d1_74	0	0	0	0	0	0	0	0	0	0	0	0	0	0	0	0	0
