	d0_0	d0_1	d0_2	d0_3	d0_4	d0_5	d0_6	d0_7	d0_8	d0_9	d0_10	d0_11	d0_12	d0_13	d0_14	d0_15	d0_16	d0_17	d0_18	d0_19	d0_20	d0_21	d0_22	d0_23	d0_24	d0_25	d0_26	d0_27	d0_28	d0_29	d0_30	d0_31	d0_32	d0_33	d0_34	d0_35	d0_36
d1_0	0	0.100056	0.0299623	0.0113131	0.00458612	0.00193984	0.000857675	0.000366853	0.000162422	6.86691e-05	3.11122e-05	1.66016e-05	5.819e-06	2.16122e-06	2.07932e-06	9.16633e-07	0	0	0	0	0	0	0	0	0	0	0	0	0	0	0	0	0	0	0	0	0
d1_1	0.276954	0.0400468	0.0176867	0.00864729	0.00436513	0.0022177	0.00112866	0.000557587	0.000272245	0.00013041	6.34658e-05	3.26472e-05	1.39801e-05	6.00871e-06	2.23897e-06	2.11021e-06	2.0481e-07	1.06486e-06	8.63832e-09	0	0	0	0	0	0	0	0	0	0	0	0	0	0	0	0	0	0
d1_2	0.0943366	0.0253306	0.0129658	0.00714134	0.00398945	0.00223266	0.00123124	0.000645718	0.000348819	0.00017994	9.65582e-05	5.57207e-05	2.6379e-05	1.18515e-05	7.40722e-06	2.56346e-06	8.66551e-07	3.51265e-07	3.39761e-07	7.37824e-08	0	0	0	0	0	0	0	0	0	0	0	0	0	0	0	0	0
d1_3	0.0420802	0.0168033	0.00972179	0.00590882	0.00357533	0.00216839	0.00127523	0.000732712	0.000435755	0.00025803	0.000129365	7.06873e-05	3.71207e-05	1.86899e-05	8.29768e-06	5.11121e-06	1.57846e-06	8.64379e-07	5.2651e-08	2.032e-07	3.36209e-07	0	0	0	0	0	0	0	0	0	0	0	0	0	0	0	0
d1_4	0.0210444	0.0111683	0.00719152	0.00481835	0.00311348	0.00201974	0.00126435	0.000750218	0.000449738	0.000285398	0.000164122	8.23418e-05	5.57557e-05	2.74389e-05	1.26728e-05	6.84829e-06	3.99722e-06	2.22039e-06	1.65352e-07	6.69804e-07	2.50994e-07	2.94654e-07	0	0	0	0	0	0	0	0	0	0	0	0	0	0	0
d1_5	0.0110486	0.00751575	0.00538933	0.00386977	0.00273652	0.0018242	0.00124407	0.00078139	0.000484505	0.00030407	0.000190279	0.000107477	5.45464e-05	3.0693e-05	1.60734e-05	1.20018e-05	3.54979e-06	1.94355e-06	1.34931e-06	1.0023e-06	2.58209e-09	2.28754e-07	0	0	0	0	0	0	0	0	0	0	0	0	0	0	0
d1_6	0.00623734	0.00494038	0.00406373	0.00311161	0.00232645	0.00167769	0.00118369	0.00082062	0.000527732	0.000345008	0.000208614	0.00012469	6.96032e-05	5.01405e-05	2.66248e-05	1.10856e-05	9.60813e-06	2.82196e-06	2.98826e-06	1.13042e-06	0	1.81564e-06	0	0	0	0	0	0	0	0	0	0	0	0	0	0	0
d1_7	0.00351044	0.00332566	0.0029886	0.00251464	0.0020096	0.00146216	0.00110708	0.000763759	0.000546661	0.000361573	0.000216489	0.000153008	8.46906e-05	5.60751e-05	3.88663e-05	1.53857e-05	1.08286e-05	6.49028e-06	2.11309e-06	1.78137e-06	2.18141e-07	5.21546e-08	0	1.67329e-07	0	0	0	0	0	0	0	0	0	0	0	0	0
d1_8	0.00203049	0.00228834	0.00219294	0.00197237	0.00160567	0.00127613	0.000999849	0.000742425	0.000545788	0.000391132	0.000239849	0.000182292	0.000112863	6.46328e-05	4.87285e-05	2.83438e-05	1.54097e-05	1.21211e-05	4.66958e-06	2.32897e-06	5.53382e-07	4.04897e-07	1.33863e-07	0	3.98403e-08	2.50994e-08	0	0	0	0	0	0	0	0	0	0	0
d1_9	0.0012069	0.00154718	0.00161012	0.00155236	0.00138054	0.0011384	0.000933242	0.000742796	0.000556245	0.00039009	0.000257331	0.000190363	0.000127369	6.60228e-05	5.28141e-05	2.89482e-05	1.89311e-05	1.05072e-05	3.96733e-06	2.50935e-06	5.47579e-07	4.4281e-07	1.78282e-06	0	0	0	0	0	0	0	0	0	0	0	0	0	0
d1_10	0.000753941	0.00107099	0.00127792	0.00121526	0.00117149	0.00102444	0.000838301	0.000681607	0.00051597	0.000423901	0.000290424	0.000219616	0.000135355	9.82474e-05	5.28262e-05	4.32015e-05	2.44807e-05	1.09103e-05	4.52023e-06	5.97527e-06	2.52308e-06	4.72905e-07	4.29824e-07	0	5.62244e-08	0	8.36647e-08	0	0	0	0	0	0	0	0	0	0
d1_11	0.000441217	0.000723033	0.00089686	0.00098894	0.000960369	0.000868554	0.000770296	0.000676276	0.000514444	0.00041421	0.00031116	0.00022663	0.000167847	0.000114693	8.35692e-05	5.01531e-05	3.06104e-05	1.78846e-05	1.26935e-05	8.45464e-06	6.7005e-06	2.40126e-06	5.90104e-07	8.20436e-08	0	0	0	0	0	0	0	0	0	0	0	0	0
d1_12	0.000277058	0.00051207	0.000678628	0.000739605	0.000807748	0.000781085	0.000659283	0.0005885	0.000520435	0.000401859	0.000294612	0.000228884	0.000170709	0.000123626	7.71214e-05	5.47221e-05	4.71752e-05	2.62322e-05	1.30638e-05	6.97076e-06	4.53515e-06	4.75598e-06	1.4676e-06	2.50172e-07	2.92826e-07	2.02823e-08	0	0	0	0	0	0	0	0	0	0	0
d1_13	0.000166759	0.000345933	0.000511836	0.00059391	0.00065805	0.000655012	0.000590805	0.000544725	0.000477521	0.00039006	0.000330275	0.000242889	0.00016887	0.000133857	0.000106536	7.7569e-05	5.04291e-05	3.05259e-05	1.78185e-05	9.93868e-06	8.65733e-06	5.08202e-06	8.88947e-07	9.37732e-07	7.50064e-07	3.94879e-07	0	0	0	0	0	0	0	0	0	0	0
d1_14	0.000118883	0.000242698	0.000370016	0.000468096	0.000534155	0.000559241	0.000548736	0.000516109	0.000479664	0.0003793	0.000331794	0.000290476	0.000205283	0.000146111	0.000120541	7.04156e-05	5.40377e-05	3.33042e-05	2.66297e-05	1.81879e-05	9.80617e-06	2.86414e-06	1.73028e-06	1.56937e-06	5.35454e-07	9.76088e-08	8.36647e-08	0	0	0	0	0	0	0	0	0	0
d1_15	7.41276e-05	0.000156203	0.00028002	0.000369959	0.000462982	0.000467606	0.000487624	0.000489662	0.000443857	0.00039338	0.000370371	0.000279238	0.000219044	0.000175395	0.000128326	0.000106656	6.83982e-05	3.53807e-05	3.37921e-05	2.00539e-05	1.42692e-05	8.13553e-06	5.5563e-06	3.04866e-06	2.8446e-07	1.70014e-08	0	1.33863e-06	0	0	0	0	0	0	0	0	0
d1_16	3.82654e-05	0.000114247	0.000203375	0.00027455	0.000347855	0.000393671	0.00045075	0.000454274	0.000404314	0.000370348	0.00033998	0.000280363	0.000251615	0.000185943	0.000136887	0.000116514	9.21306e-05	4.39555e-05	3.67314e-05	2.35337e-05	1.82811e-05	9.10703e-06	5.35875e-06	2.37291e-06	1.29627e-06	2.99262e-07	3.18723e-08	2.54145e-06	0	0	0	0	0	0	0	0	0
d1_17	2.51357e-05	7.34715e-05	0.000153746	0.000202525	0.000307248	0.000343483	0.000401362	0.000390772	0.000414439	0.000341537	0.000346538	0.000307773	0.000251831	0.000199308	0.00016351	0.00012118	8.96275e-05	7.54784e-05	5.7803e-05	2.96273e-05	1.87331e-05	9.7984e-06	7.46574e-06	6.41672e-06	2.76164e-06	2.03923e-06	2.50994e-07	6.83182e-08	2.39042e-08	0	0	0	0	0	0	0	0
d1_18	2.24829e-05	4.6964e-05	0.000119687	0.000195269	0.000250959	0.00027311	0.000341391	0.000368376	0.000380677	0.000378549	0.000300105	0.000272543	0.000251912	0.000213017	0.000177016	0.000140446	0.000103178	8.00454e-05	4.22688e-05	3.71087e-05	2.38177e-05	1.04738e-05	1.01967e-05	4.19821e-06	5.18455e-06	2.92826e-07	7.48998e-07	1.24541e-06	8.36647e-08	0	0	0	0	0	0	0	0
d1_19	1.4027e-05	4.26456e-05	7.63347e-05	0.000134455	0.000198452	0.000249446	0.00029501	0.000339874	0.000338859	0.000294409	0.000341889	0.000282439	0.000255482	0.000232096	0.000187603	0.000156526	0.000114206	0.000100577	6.15031e-05	3.53369e-05	3.89469e-05	1.92092e-05	9.68399e-06	4.81074e-06	3.32793e-06	4.62666e-06	4.00395e-07	1.55616e-06	1.67329e-07	0	0	0	0	0	0	0	0
d1_20	1.06516e-05	2.64519e-05	5.64818e-05	0.000101961	0.000176986	0.000217966	0.000245686	0.000292565	0.000324805	0.000308653	0.000295867	0.000275627	0.000270131	0.00024395	0.000206408	0.000177181	0.000127758	0.000103415	6.8298e-05	6.03926e-05	3.4684e-05	2.38236e-05	1.31445e-05	6.02956e-06	8.38199e-06	6.81358e-06	3.72507e-07	1.54146e-07	6.58162e-07	1.17131e-06	0	0	0	0	0	0	0
d1_21	3.77613e-06	2.05406e-05	3.83021e-05	8.19456e-05	0.000122179	0.000192096	0.000222675	0.000245156	0.000288314	0.000297001	0.000301822	0.000288496	0.000258159	0.000247814	0.000217795	0.000180477	0.000140917	0.000122731	9.81751e-05	6.29586e-05	5.19343e-05	2.5025e-05	2.16402e-05	1.39308e-05	1.30451e-05	1.83385e-06	2.945e-06	6.05935e-07	6.41429e-07	0	0	0	0	0	0	0	0
d1_22	1.84423e-06	1.23204e-05	3.18284e-05	5.83e-05	9.84789e-05	0.000139877	0.000173599	0.000231297	0.000249379	0.000274022	0.000275573	0.000289151	0.000294952	0.000246059	0.000196978	0.000199191	0.000162721	0.000112089	0.000101307	7.6499e-05	5.60443e-05	3.38836e-05	3.01014e-05	1.66679e-05	1.22808e-05	6.64174e-06	1.26055e-06	1.4725e-06	2.89878e-06	8.36647e-08	1.33863e-07	0	0	0	0	0	0
d1_23	2.70742e-06	6.62707e-06	2.89877e-05	4.51977e-05	8.37063e-05	0.00012305	0.000143625	0.00021421	0.000237643	0.00024828	0.000284099	0.000285125	0.000262565	0.000251505	0.000212654	0.000222212	0.000171305	0.000154906	0.000105563	7.29304e-05	6.00409e-05	5.05895e-05	2.52169e-05	1.98571e-05	1.11533e-05	9.51546e-06	3.72627e-06	2.84704e-06	1.61353e-06	2.62149e-07	1.25497e-07	0	0	0	0	0	0
d1_24	2.1759e-06	6.14325e-06	2.20853e-05	3.39089e-05	5.7915e-05	0.000107544	0.000113074	0.000146331	0.00019359	0.000217069	0.000273946	0.000276786	0.000260488	0.000250844	0.000262467	0.00019165	0.000179017	0.000145066	0.000124435	8.09911e-05	8.68035e-05	5.91041e-05	3.37404e-05	2.93397e-05	1.65426e-05	9.96807e-06	3.56571e-06	2.13903e-06	1.92429e-06	1.63146e-07	0	0	0	0	0	0	0
d1_25	7.57913e-07	5.09032e-06	7.73621e-06	3.0637e-05	5.52889e-05	7.17389e-05	0.000108062	0.000146227	0.000172785	0.000224523	0.00023324	0.000266624	0.00026069	0.000231275	0.000238624	0.000223343	0.000201814	0.000183953	0.000120238	0.000100389	7.68438e-05	6.04817e-05	4.73202e-05	2.68495e-05	2.34004e-05	1.14724e-05	7.28719e-06	8.8565e-07	1.62369e-06	0	0	0	0	0	0	0	0
d1_26	1.58963e-07	4.82416e-06	8.99691e-06	2.96371e-05	3.75193e-05	7.48766e-05	8.06501e-05	0.000115654	0.000166575	0.000186758	0.000202554	0.000243051	0.000257327	0.000238143	0.000239451	0.000229034	0.000217087	0.000198575	0.000144928	0.000121332	0.000105995	6.84763e-05	6.24648e-05	3.61709e-05	3.04483e-05	1.8448e-05	7.26248e-06	4.48383e-06	0	0	0	0	0	0	0	0	0
d1_27	2.34721e-07	2.09052e-06	8.84117e-06	1.87036e-05	3.54475e-05	4.94782e-05	6.63624e-05	0.000113415	0.000124472	0.000143816	0.00018746	0.000217209	0.000223416	0.000234977	0.000221873	0.00023336	0.000206087	0.000190054	0.000189008	0.000127274	0.000116426	7.97303e-05	6.61922e-05	5.53859e-05	3.37292e-05	2.30554e-05	1.04208e-05	0	0	0	0	0	0	0	0	0	0
d1_28	0	3.05539e-07	8.31712e-06	1.00693e-05	2.02564e-05	4.96936e-05	5.02838e-05	8.53286e-05	0.000119254	0.000163422	0.000178266	0.000221912	0.000214314	0.000228523	0.000206044	0.00023365	0.000191164	0.000175241	0.000182688	0.000136449	0.00012771	0.000102726	6.9673e-05	6.29407e-05	4.28434e-05	1.48299e-05	0	0	0	0	0	0	0	0	0	0	0
d1_29	0	8.8372e-07	1.44899e-06	9.20581e-06	1.45942e-05	3.24025e-05	4.99156e-05	7.8874e-05	9.63056e-05	0.000132897	0.00013936	0.000185633	0.000232365	0.000211735	0.000238713	0.000218772	0.000214596	0.000206105	0.000186821	0.000158697	0.00015753	0.000108467	7.98251e-05	6.92957e-05	2.83223e-05	0	0	0	0	0	0	0	0	0	0	0	0
d1_30	0	1.96811e-07	6.75753e-07	5.07579e-06	1.40082e-05	2.06472e-05	4.07623e-05	4.97561e-05	8.45979e-05	0.000104628	0.000123598	0.000156206	0.000200501	0.000205668	0.000232774	0.000252012	0.000226019	0.000216405	0.000213391	0.000178004	0.000141043	0.000126841	0.000113209	4.20459e-05	0	0	0	0	0	0	0	0	0	0	0	0	0
d1_31	0	3.84858e-07	2.9017e-06	1.3486e-06	9.17982e-06	1.58333e-05	3.37018e-05	4.94676e-05	8.2346e-05	9.78738e-05	0.000134855	0.000176645	0.000170872	0.000174643	0.000204987	0.000223551	0.000237289	0.000213945	0.00021499	0.000194358	0.000153038	0.000129473	5.33512e-05	0	0	0	0	0	0	0	0	0	0	0	0	0	0
d1_32	0	2.0246e-07	3.02388e-07	2.06601e-06	5.83979e-06	1.23418e-05	1.98432e-05	3.58247e-05	6.7032e-05	7.91172e-05	0.000105183	0.00013011	0.0001552	0.00019683	0.000198944	0.000218469	0.000224411	0.000224917	0.00020764	0.00019473	0.00017286	7.91074e-05	0	0	0	0	0	0	0	0	0	0	0	0	0	0	0
d1_33	0	2.17528e-07	1.17131e-06	7.64945e-07	6.3761e-06	1.10464e-05	1.50186e-05	3.01167e-05	5.15479e-05	9.05801e-05	9.8629e-05	0.000109826	0.000148445	0.00014692	0.000200238	0.000208225	0.000238583	0.000225702	0.000239983	0.000227511	9.25835e-05	0	0	0	0	0	0	0	0	0	0	0	0	0	0	0	0
d1_34	0	0	0	3.18569e-06	4.37811e-06	9.62744e-06	1.52552e-05	1.88802e-05	4.74597e-05	4.33536e-05	7.73723e-05	0.0001177	0.000125496	0.000151102	0.000175093	0.000194171	0.000207176	0.00023797	0.000227778	0.000115724	0	0	0	0	0	0	0	0	0	0	0	0	0	0	0	0	0
d1_35	0	0	4.0159e-07	6.02386e-07	1.77967e-06	6.28358e-06	1.09077e-05	1.74903e-05	2.97271e-05	5.70266e-05	7.30914e-05	8.85334e-05	0.000105803	0.000142984	0.000167117	0.00018688	0.000195675	0.000222354	0.000107628	0	0	0	0	0	0	0	0	0	0	0	0	0	0	0	0	0	0
d1_36	0	0	3.42265e-08	1.81628e-06	4.2915e-06	9.65328e-06	5.93081e-06	1.21159e-05	2.36008e-05	4.85857e-05	5.19022e-05	6.8785e-05	0.000103796	0.000136592	0.000141616	0.000174145	0.000209672	0.000115724	0	0	0	0	0	0	0	0	0	0	0	0	0	0	0	0	0	0	0
d1_37	0	0	2.23106e-07	4.18323e-08	3.04591e-06	4.89279e-06	8.7888e-06	1.0866e-05	2.22364e-05	3.93703e-05	5.14455e-05	5.74875e-05	8.97097e-05	0.000117614	0.000138202	0.000148343	9.25835e-05	0	0	0	0	0	0	0	0	0	0	0	0	0	0	0	0	0	0	0	0
d1_38	0	0	3.01193e-07	0	6.02386e-07	2.30713e-06	1.0311e-05	8.28918e-06	1.43359e-05	2.93902e-05	4.56105e-05	6.3216e-05	7.61558e-05	0.000106882	0.000122734	7.91074e-05	0	0	0	0	0	0	0	0	0	0	0	0	0	0	0	0	0	0	0	0	0
d1_39	0	0	0	0	1.21314e-06	6.70513e-07	2.83225e-06	5.29434e-06	1.22186e-05	2.82002e-05	2.2187e-05	3.77045e-05	6.79955e-05	9.92632e-05	5.33512e-05	0	0	0	0	0	0	0	0	0	0	0	0	0	0	0	0	0	0	0	0	0	0
d1_40	0	0	0	0	2.50994e-07	3.51392e-07	3.94778e-06	5.22785e-06	1.25601e-05	1.39126e-05	2.00246e-05	5.26646e-05	5.91477e-05	4.20459e-05	0	0	0	0	0	0	0	0	0	0	0	0	0	0	0	0	0	0	0	0	0	0	0
d1_41	0	0	0	2.39042e-08	1.43425e-07	1.57768e-07	6.43023e-07	3.81511e-06	4.68087e-06	1.50377e-05	1.65633e-05	3.61858e-05	2.83223e-05	0	0	0	0	0	0	0	0	0	0	0	0	0	0	0	0	0	0	0	0	0	0	0	0
d1_42	0	0	0	0	0	1.60756e-06	8.84455e-07	1.84062e-06	5.09398e-06	7.3517e-06	1.9905e-05	1.48299e-05	0	0	0	0	0	0	0	0	0	0	0	0	0	0	0	0	0	0	0	0	0	0	0	0	0
d1_43	0	0	1.17131e-06	0	0	1.91234e-07	4.68522e-07	5.16331e-07	6.90433e-06	7.0607e-06	1.04208e-05	0	0	0	0	0	0	0	0	0	0	0	0	0	0	0	0	0	0	0	0	0	0	0	0	0	0
d1_44	0	0	0	3.34659e-07	8.36647e-08	1.07569e-07	5.01988e-08	7.43421e-07	4.49678e-06	4.48383e-06	0	0	0	0	0	0	0	0	0	0	0	0	0	0	0	0	0	0	0	0	0	0	0	0	0	0	0
d1_45	0	0	0	0	1.67329e-07	1.4725e-06	1.17131e-06	5.93186e-07	1.62369e-06	0	0	0	0	0	0	0	0	0	0	0	0	0	0	0	0	0	0	0	0	0	0	0	0	0	0	0	0
d1_46	0	0	0	0	0	0	1.25497e-06	1.63146e-07	0	0	0	0	0	0	0	0	0	0	0	0	0	0	0	0	0	0	0	0	0	0	0	0	0	0	0	0	0
d1_47	0	0	0	0	1.17131e-06	0	1.25497e-07	0	0	0	0	0	0	0	0	0	0	0	0	0	0	0	0	0	0	0	0	0	0	0	0	0	0	0	0	0	0
d1_48	0	0	0	0	0	0	0	0	0	0	0	0	0	0	0	0	0	0	0	0	0	0	0	0	0	0	0	0	0	0	0	0	0	0	0	0	0
d1_49	0	0	0	0	0	0	0	0	0	0	0	0	0	0	0	0	0	0	0	0	0	0	0	0	0	0	0	0	0	0	0	0	0	0	0	0	0
d1_50	0	0	0	0	0	0	0	0	0	0	0	0	0	0	0	0	0	0	0	0	0	0	0	0	0	0	0	0	0	0	0	0	0	0	0	0	0
d1_51	0	0	0	0	0	0	0	0	0	0	0	0	0	0	0	0	0	0	0	0	0	0	0	0	0	0	0	0	0	0	0	0	0	0	0	0	0
d1_52	0	0	0	0	0	0	0	0	0	0	0	0	0	0	0	0	0	0	0	0	0	0	0	0	0	0	0	0	0	0	0	0	0	0	0	0	0
d1_53	0	0	0	0	0	0	0	0	0	0	0	0	0	0	0	0	0	0	0	0	0	0	0	0	0	0	0	0	0	0	0	0	0	0	0	0	0
d1_54	0	0	0	0	0	0	0	0	0	0	0	0	0	0	0	0	0	0	0	0	0	0	0	0	0	0	0	0	0	0	0	0	0	0	0	0	0
d1_55	0	0	0	0	0	0	0	0	0	0	0	0	0	0	0	0	0	0	0	0	0	0	0	0	0	0	0	0	0	0	0	0	0	0	0	0	0
d1_56	0	0	0	0	0	0	0	0	0	0	0	0	0	0	0	0	0	0	0	0	0	0	0	0	0	0	0	0	0	0	0	0	0	0	0	0	0
d1_57	0	0	0	0	0	0	0	0	0	0	0	0	0	0	0	0	0	0	0	0	0	0	0	0	0	0	0	0	0	0	0	0	0	0	0	0	0
d1_58	0	0	0	0	0	0	0	0	0	0	0	0	0	0	0	0	0	0	0	0	0	0	0	0	0	0	0	0	0	0	0	0	0	0	0	0	0
d1_59	0	0	0	0	0	0	0	0	0	0	0	0	0	0	0	0	0	0	0	0	0	0	0	0	0	0	0	0	0	0	0	0	0	0	0	0	0
d1_60	0	0	0	0	0	0	0	0	0	0	0	0	0	0	0	0	0	0	0	0	0	0	0	0	0	0	0	0	0	0	0	0	0	0	0	0	0
d1_61	0	0	0	0	0	0	0	0	0	0	0	0	0	0	0	0	0	0	0	0	0	0	0	0	0	0	0	0	0	0	0	0	0	0	0	0	0
d1_62	0	0	0	0	0	0	0	0	0	0	0	0	0	0	0	0	0	0	0	0	0	0	0	0	0	0	0	0	0	0	0	0	0	0	0	0	0
d1_63	0	0	0	0	0	0	0	0	0	0	0	0	0	0	0	0	0	0	0	0	0	0	0	0	0	0	0	0	0	0	0	0	0	0	0	0	0
d1_64	0	0	0	0	0	0	0	0	0	0	0	0	0	0	0	0	0	0	0	0	0	0	0	0	0	0	0	0	0	0	0	0	0	0	0	0	0
d1_65	0	0	0	0	0	0	0	0	0	0	0	0	0	0	0	0	0	0	0	0	0	0	0	0	0	0	0	0	0	0	0	0	0	0	0	0	0
d1_66	0	0	0	0	0	0	0	0	0	0	0	0	0	0	0	0	0	0	0	0	0	0	0	0	0	0	0	0	0	0	0	0	0	0	0	0	0
d1_67	0	0	0	0	0	0	0	0	0	0	0	0	0	0	0	0	0	0	0	0	0	0	0	0	0	0	0	0	0	0	0	0	0	0	0	0	0
d1_68	0	0	0	0	0	0	0	0	0	0	0	0	0	0	0	0	0	0	0	0	0	0	0	0	0	0	0	0	0	0	0	0	0	0	0	0	0
d1_69	0	0	0	0	0	0	0	0	0	0	0	0	0	0	0	0	0	0	0	0	0	0	0	0	0	0	0	0	0	0	0	0	0	0	0	0	0
d1_70	0	0	0	0	0	0	0	0	0	0	0	0	0	0	0	0	0	0	0	0	0	0	0	0	0	0	0	0	0	0	0	0	0	0	0	0	0
