	d0_0	d0_1	d0_2	d0_3	d0_4	d0_5	d0_6	d0_7	d0_8	d0_9	d0_10	d0_11	d0_12	d0_13	d0_14	d0_15	d0_16	d0_17	d0_18	d0_19	d0_20	d0_21	d0_22	d0_23	d0_24	d0_25	d0_26	d0_27	d0_28	d0_29	d0_30	d0_31	d0_32	d0_33	d0_34	d0_35	d0_36	d0_37	d0_38	d0_39	d0_40	d0_41	d0_42	d0_43	d0_44	d0_45	d0_46	d0_47	d0_48	d0_49	d0_50	d0_51	d0_52	d0_53	d0_54	d0_55	d0_56	d0_57	d0_58	d0_59	d0_60	d0_61	d0_62	d0_63	d0_64	d0_65	d0_66	d0_67	d0_68	d0_69	d0_70	d0_71	d0_72	d0_73	d0_74	d0_75	d0_76	d0_77	d0_78	d0_79	d0_80	d0_81	d0_82	d0_83	d0_84	d0_85	d0_86	d0_87	d0_88	d0_89	d0_90	d0_91	d0_92	d0_93	d0_94	d0_95	d0_96	d0_97	d0_98	d0_99	d0_100	d0_101	d0_102	d0_103	d0_104
d1_0	0	0.244304	0.0944955	0.0487682	0.0282568	0.0176263	0.0114664	0.00775879	0.00532095	0.0037766	0.00266425	0.00194626	0.00143228	0.00101972	0.00075228	0.000582834	0.000427623	0.0003259	0.000241734	0.000196446	0.000143119	0.000113579	8.91852e-05	5.78775e-05	5.75949e-05	4.28158e-05	3.29842e-05	2.91905e-05	2.10111e-05	1.70596e-05	1.56882e-05	1.45533e-05	7.47272e-06	5.60156e-06	4.58078e-06	4.22468e-06	2.53673e-06	2.06348e-06	1.4957e-06	4.51791e-07	3.01245e-07	1.69177e-06	3.17634e-06	3.63121e-07	1.13925e-06	2.37995e-07	5.88574e-08	1.39499e-06	2.85683e-08	5.88574e-08	9.18176e-07	9.88805e-07	9.41719e-08	0	0	0	0	1.68164e-08	0	0	0	0	0	0	0	0	0	0	2.3543e-07	0	0	0	0	0	0	0	0	0	0	0	0	0	0	0	0	0	0	0	0	0	0	0	0	0	0	0	0	0	0	0	0	0	0	0	0
d1_1	0.103795	0.0220965	0.0131935	0.00924488	0.00683542	0.00519886	0.00397432	0.00310362	0.00246789	0.00196578	0.00155297	0.00122126	0.00099455	0.000784429	0.000629829	0.000495296	0.000422861	0.000341614	0.000268479	0.00022636	0.000189511	0.000144776	0.000125638	9.59341e-05	8.26127e-05	6.9138e-05	5.78364e-05	5.07171e-05	4.57945e-05	2.92328e-05	2.83832e-05	2.50875e-05	2.20919e-05	1.41771e-05	1.31266e-05	8.80501e-06	1.18623e-05	4.65773e-06	4.75818e-06	6.55987e-06	3.59151e-06	4.24663e-06	2.71582e-06	1.66196e-06	1.56904e-06	1.95376e-06	8.17131e-07	3.35006e-06	1.28109e-06	2.94236e-07	9.80957e-07	1.29486e-07	4.1985e-07	4.47317e-07	9.41719e-08	2.06001e-07	1.17715e-07	8.82862e-08	1.17715e-07	0	3.53145e-08	8.59319e-07	0	0	0	0	0	0	0	0	0	0	0	0	1.68164e-08	0	0	0	0	0	0	0	0	0	0	0	0	0	0	0	0	0	0	0	0	0	0	0	0	0	0	0	0	0	0
d1_2	0.0401227	0.0122854	0.00717659	0.00493449	0.00367619	0.00275578	0.00220056	0.00181944	0.00144158	0.00123404	0.00103123	0.000845819	0.000704381	0.000599905	0.000501838	0.000433459	0.000359753	0.000292243	0.000257637	0.000222001	0.000193916	0.000158892	0.000122472	0.000112486	0.000103347	7.50039e-05	7.68069e-05	5.52302e-05	4.67196e-05	4.70719e-05	4.07445e-05	3.1655e-05	2.89238e-05	2.37311e-05	2.20947e-05	1.87402e-05	2.22939e-05	9.92482e-06	9.18693e-06	7.84755e-06	7.67797e-06	5.48015e-06	1.03439e-05	5.73746e-06	2.86731e-06	2.80358e-06	2.05604e-06	2.18296e-06	1.99947e-06	2.79937e-06	1.52357e-06	2.26877e-06	3.56228e-07	2.00115e-06	1.13399e-06	1.13144e-06	1.10652e-06	0	0	9.38662e-08	1.17715e-07	5.88574e-08	0	1.76572e-07	2.11887e-07	0	0	0	0	0	0	0	0	0	0	0	0	0	0	0	0	0	0	0	0	0	0	0	0	0	0	0	0	0	0	0	0	0	0	0	0	0	0	0	0
d1_3	0.0205942	0.00814978	0.00482994	0.00323167	0.00235305	0.00175911	0.00140368	0.00115954	0.000951901	0.000785466	0.000690534	0.000591005	0.000525668	0.000438485	0.000370636	0.000340465	0.000293911	0.000243819	0.000227644	0.000188566	0.000161165	0.000138305	0.000125262	0.000115762	8.88578e-05	8.39839e-05	7.3904e-05	6.54887e-05	5.71245e-05	5.44005e-05	4.42157e-05	3.72104e-05	3.60646e-05	3.41854e-05	2.59698e-05	2.0332e-05	1.56615e-05	1.63929e-05	1.55217e-05	1.40087e-05	1.03743e-05	1.01486e-05	8.0589e-06	5.50826e-06	4.50229e-06	3.68911e-06	8.39519e-06	6.73498e-06	3.74966e-06	1.96273e-06	1.52833e-06	1.89995e-06	8.12407e-07	9.61338e-07	5.66239e-07	2.35965e-07	2.94287e-07	2.62897e-07	1.38315e-06	1.08886e-06	8.24004e-07	3.40532e-07	2.03647e-06	2.11887e-07	1.76572e-07	1.76572e-07	0	0	9.221e-07	5.88574e-08	0	0	0	0	0	0	0	0	0	0	0	0	0	0	0	0	0	0	0	0	0	0	0	0	0	0	0	0	0	0	0	0	0	0	0
d1_4	0.0117972	0.00583318	0.00361013	0.00244373	0.0016881	0.00126086	0.00097659	0.000820163	0.000649662	0.000561185	0.000488554	0.000435094	0.000380086	0.000354149	0.000285514	0.000265945	0.000229511	0.000201273	0.00017742	0.00016738	0.000152974	0.000124579	0.000114692	0.000105951	8.6057e-05	9.44325e-05	7.65086e-05	6.44578e-05	5.27778e-05	5.1579e-05	4.84562e-05	4.86648e-05	4.32917e-05	3.81102e-05	3.00974e-05	3.03132e-05	2.17086e-05	2.01167e-05	1.59926e-05	1.76891e-05	2.26079e-05	9.86313e-06	1.35188e-05	1.2368e-05	9.57882e-06	5.654e-06	1.00116e-05	4.60602e-06	2.78734e-06	4.12713e-06	4.48211e-06	4.73798e-06	3.62824e-06	3.69919e-06	2.69483e-06	1.05943e-06	1.52833e-06	3.7523e-06	1.34531e-07	1.30075e-06	1.02412e-06	4.59088e-07	2.7635e-07	1.17547e-06	0	0	8.40821e-07	3.53145e-08	8.24004e-07	0	1.17715e-07	0	0	0	7.56739e-08	0	0	0	0	0	0	0	0	0	0	0	0	0	0	0	0	0	0	0	0	0	0	0	0	0	0	0	0	0	0
d1_5	0.00727947	0.00434343	0.00281349	0.00189769	0.0013102	0.000951436	0.000736774	0.00058807	0.000470233	0.000396878	0.0003487	0.000312052	0.000271801	0.000246161	0.000225042	0.000194025	0.000196178	0.00017399	0.000161057	0.000138133	0.00013149	0.000113549	9.88959e-05	0.000106631	8.54459e-05	7.59269e-05	7.38422e-05	6.44711e-05	6.53181e-05	5.13393e-05	4.50769e-05	4.7934e-05	3.58741e-05	3.80486e-05	3.42534e-05	2.51149e-05	2.79646e-05	2.06745e-05	2.0827e-05	2.22934e-05	2.14986e-05	1.53363e-05	1.54928e-05	9.46907e-06	9.29935e-06	7.67257e-06	9.70169e-06	4.03725e-06	7.26132e-06	5.88676e-06	4.44008e-06	3.15253e-06	4.74218e-06	4.68363e-06	4.05051e-06	2.53701e-06	1.26842e-06	1.92071e-06	4.13812e-06	3.07628e-06	7.95416e-07	1.24778e-06	1.12364e-07	2.11887e-06	8.82862e-07	5.88574e-08	9.58536e-07	2.11887e-07	8.24004e-07	0	5.88574e-08	9.41719e-07	0	0	0	8.24004e-07	0	0	0	0	0	0	0	0	0	0	0	0	0	0	0	0	0	0	0	0	0	0	0	0	0	0	0	0	0
d1_6	0.00463171	0.00328807	0.00224909	0.0015728	0.00109838	0.000778573	0.000563691	0.000445233	0.000377947	0.000311747	0.000262496	0.000229706	0.000218103	0.000199341	0.0001777	0.000162027	0.000152575	0.000127183	0.000136076	0.000120601	0.000113033	0.000110467	9.1907e-05	8.65684e-05	8.22111e-05	6.73002e-05	6.36188e-05	5.95561e-05	6.25345e-05	4.79058e-05	4.96426e-05	4.19722e-05	4.97509e-05	3.60672e-05	4.17344e-05	2.91614e-05	2.7136e-05	2.47765e-05	2.21335e-05	2.50709e-05	2.33652e-05	1.38206e-05	1.05997e-05	1.0709e-05	1.22254e-05	9.33631e-06	8.73983e-06	9.45311e-06	8.77662e-06	1.0359e-05	8.52587e-06	4.41571e-06	5.27647e-06	3.48746e-06	9.68274e-07	2.75347e-06	2.98265e-06	3.18731e-06	1.50759e-06	2.37111e-06	1.72872e-06	7.82804e-07	7.08786e-07	4.80109e-07	6.98442e-07	1.78254e-06	5.88574e-08	4.03594e-08	1.02412e-06	0	2.99332e-07	1.11829e-07	2.70744e-07	9.41719e-07	1.70687e-07	3.53145e-08	3.53145e-08	7.56739e-08	2.64859e-07	5.88574e-08	0	0	0	0	0	0	0	0	0	0	0	0	0	0	0	0	0	0	0	0	0	0	0	0	0
d1_7	0.00307564	0.00248588	0.00187612	0.00132377	0.000907993	0.000637573	0.000507938	0.000367353	0.000286449	0.000236754	0.000207591	0.00018834	0.000148703	0.000152974	0.000145846	0.000120454	0.000114968	0.000114289	0.000108098	8.67658e-05	0.000101295	8.09646e-05	8.8167e-05	7.55338e-05	7.52266e-05	5.88647e-05	6.89612e-05	5.9635e-05	5.78424e-05	5.75649e-05	4.80255e-05	4.40576e-05	4.60502e-05	3.93734e-05	3.5614e-05	3.59631e-05	2.45215e-05	2.9783e-05	2.6944e-05	1.99836e-05	2.38812e-05	1.95557e-05	1.81365e-05	1.24346e-05	1.28251e-05	1.43425e-05	9.9467e-06	1.15373e-05	9.82687e-06	6.59822e-06	6.96232e-06	1.00661e-05	8.16743e-06	6.5968e-06	4.45376e-06	8.57996e-06	4.50572e-06	2.26349e-06	4.05748e-06	1.9202e-06	1.91738e-06	2.20435e-06	2.21808e-06	7.99034e-07	8.5091e-07	2.70744e-07	1.72957e-06	3.11104e-07	3.64916e-07	5.50738e-07	1.17715e-07	1.17715e-07	2.28703e-07	8.82862e-08	1.64801e-06	6.27813e-08	0	5.25793e-07	0	7.06289e-08	2.52246e-07	0	0	0	0	0	0	0	0	0	0	0	0	0	0	0	0	0	0	0	0	0	0	0	0
d1_8	0.00205101	0.00193897	0.00152763	0.00112886	0.000838379	0.000601199	0.000425183	0.000314647	0.000263334	0.000210849	0.000175256	0.000147783	0.000133269	0.000121801	0.000105328	0.000115967	0.000105468	9.13629e-05	8.98475e-05	8.95703e-05	7.65757e-05	7.93707e-05	7.75133e-05	6.1565e-05	5.93227e-05	6.20891e-05	6.12302e-05	6.32384e-05	4.14242e-05	4.35e-05	3.7953e-05	4.00685e-05	3.78228e-05	4.40718e-05	3.66315e-05	2.92226e-05	3.04808e-05	2.57944e-05	2.66645e-05	2.3894e-05	2.74592e-05	1.97975e-05	1.48397e-05	1.39722e-05	1.37029e-05	1.44525e-05	1.73984e-05	1.62395e-05	1.42083e-05	1.22579e-05	1.55917e-05	6.69454e-06	4.7237e-06	5.365e-06	6.7246e-06	6.61807e-06	6.23863e-06	5.47963e-06	3.71026e-06	4.49422e-06	2.84506e-06	1.91413e-06	1.16257e-06	2.09418e-06	2.27022e-06	1.25955e-06	2.8075e-06	2.51125e-07	2.93166e-07	2.06001e-07	1.07205e-06	4.59088e-07	3.69961e-07	4.33277e-07	3.69961e-07	0	7.84766e-09	0	1.53029e-07	0	0	8.5268e-08	2.48519e-07	0	0	0	0	0	0	0	0	0	0	0	0	0	0	0	0	0	0	0	0	0	0
d1_9	0.001405	0.00148479	0.00128513	0.00100322	0.000741174	0.000528775	0.000384525	0.000274991	0.000234263	0.000170375	0.000151355	0.000126362	0.000107379	9.28905e-05	9.23265e-05	8.75886e-05	8.36981e-05	7.55083e-05	8.25151e-05	7.83782e-05	8.16855e-05	7.0015e-05	6.72515e-05	5.95355e-05	5.95031e-05	6.12386e-05	4.21493e-05	5.70658e-05	4.21904e-05	4.94365e-05	4.80122e-05	4.5762e-05	3.73055e-05	3.4107e-05	2.73026e-05	3.37889e-05	2.81584e-05	2.67623e-05	2.4096e-05	2.95777e-05	2.17562e-05	1.84213e-05	1.80114e-05	1.35397e-05	1.81806e-05	1.56426e-05	1.80525e-05	1.27163e-05	1.19128e-05	7.79065e-06	1.19757e-05	7.92465e-06	9.94199e-06	5.6693e-06	7.6414e-06	1.04155e-05	5.45045e-06	4.41349e-06	4.73155e-06	4.41151e-06	4.48797e-06	2.02021e-06	1.63624e-06	2.83158e-06	1.10876e-06	1.27524e-06	1.38735e-06	1.77665e-06	9.24062e-07	1.15361e-06	3.29602e-07	1.17042e-06	2.23658e-06	9.47605e-07	1.03001e-06	2.06001e-07	6.8667e-08	4.21812e-07	1.47679e-07	1.00593e-07	0	7.70497e-08	3.53145e-08	0	5.29717e-08	2.24219e-08	5.88574e-08	0	0	0	0	0	0	0	0	0	0	0	0	0	0	0	0	0	0
d1_10	0.000972012	0.00112916	0.00103918	0.000840767	0.000654555	0.000494416	0.000365274	0.00025411	0.000191356	0.000171569	0.000138925	0.000120993	0.000107536	9.20171e-05	8.99991e-05	7.7152e-05	7.25883e-05	6.85492e-05	6.82001e-05	6.45227e-05	6.90828e-05	6.1511e-05	5.83418e-05	5.76215e-05	4.02895e-05	5.44757e-05	5.33634e-05	5.48113e-05	4.03652e-05	3.84746e-05	4.0945e-05	3.87715e-05	3.04064e-05	3.43777e-05	2.96102e-05	3.10968e-05	2.4804e-05	2.59189e-05	2.39451e-05	2.74804e-05	2.09405e-05	2.24369e-05	2.22289e-05	1.93382e-05	1.60157e-05	1.62041e-05	1.52609e-05	1.38501e-05	1.23618e-05	7.49352e-06	1.13709e-05	9.42885e-06	7.50236e-06	4.61219e-06	3.88006e-06	6.48752e-06	4.50168e-06	4.38598e-06	5.58036e-06	4.55169e-06	5.2072e-06	5.25401e-06	3.92607e-06	8.65204e-07	2.64492e-06	3.64636e-06	2.8232e-06	2.95969e-06	6.31737e-07	1.68332e-06	6.4575e-07	1.54711e-06	5.9446e-07	2.24238e-06	1.13006e-06	9.71148e-07	9.77034e-07	4.03594e-08	3.53145e-08	1.17715e-07	2.3543e-07	1.45785e-07	2.70744e-07	6.27813e-08	0	0	0	0	0	0	0	0	0	0	0	0	0	0	0	0	0	0	0	0	0
d1_11	0.000692706	0.000884271	0.00084798	0.000731095	0.000595154	0.000452573	0.000335645	0.000263442	0.000183333	0.000159248	0.000119813	9.86834e-05	9.01948e-05	8.69424e-05	7.54233e-05	7.85982e-05	5.60787e-05	6.20319e-05	6.70503e-05	5.86571e-05	5.8917e-05	5.77331e-05	5.48476e-05	4.70837e-05	4.89638e-05	4.50252e-05	4.4726e-05	4.79023e-05	4.71758e-05	3.84163e-05	3.91731e-05	3.47795e-05	3.6016e-05	3.53826e-05	3.36039e-05	3.43872e-05	2.63907e-05	2.79388e-05	2.00758e-05	2.34155e-05	2.61259e-05	2.62777e-05	1.8078e-05	1.5671e-05	2.26856e-05	1.93371e-05	1.44334e-05	1.48223e-05	1.2316e-05	1.1276e-05	1.42315e-05	1.50899e-05	8.79755e-06	6.62319e-06	6.86058e-06	6.47007e-06	3.74084e-06	6.17699e-06	6.40761e-06	8.80227e-06	6.8241e-06	4.07127e-06	4.1416e-06	5.07152e-06	1.96472e-06	3.55135e-06	4.30556e-06	3.5875e-06	1.21583e-06	1.29659e-06	7.64306e-07	1.98627e-06	1.21246e-06	2.67381e-07	8.67235e-07	1.75451e-07	4.7086e-07	2.75203e-07	0	1.25563e-07	1.34531e-07	9.87378e-07	1.98994e-07	1.7377e-07	9.68473e-08	0	0	0	0	0	0	0	0	0	0	0	0	0	0	0	0	0	0	0	0
d1_12	0.00049282	0.000692492	0.00070408	0.000648591	0.00052824	0.000423418	0.000315092	0.000243788	0.000184812	0.00015329	0.000121139	9.84778e-05	8.01744e-05	8.39042e-05	7.62042e-05	6.20074e-05	6.58338e-05	6.61438e-05	5.50806e-05	5.62422e-05	5.95379e-05	5.92487e-05	5.69886e-05	4.94745e-05	5.64431e-05	4.62629e-05	5.1337e-05	4.04348e-05	3.96436e-05	3.60266e-05	4.04841e-05	3.73075e-05	3.34785e-05	3.34392e-05	3.58455e-05	2.19409e-05	3.57044e-05	3.2252e-05	2.76636e-05	2.30381e-05	2.88046e-05	1.77821e-05	2.33474e-05	1.72642e-05	1.60912e-05	1.91395e-05	1.42826e-05	1.3948e-05	1.10458e-05	1.1003e-05	1.37891e-05	1.18786e-05	9.54945e-06	1.08693e-05	7.99959e-06	7.61055e-06	6.22772e-06	7.86053e-06	8.78064e-06	5.30847e-06	6.63915e-06	3.99166e-06	5.43392e-06	7.65371e-06	5.34229e-06	6.35548e-06	4.19878e-06	3.56003e-06	1.26877e-06	2.89971e-06	1.0841e-06	4.55725e-07	1.05943e-06	1.62024e-06	1.42771e-06	6.94518e-07	1.60349e-06	3.5903e-07	2.94287e-08	5.2131e-07	9.34951e-07	8.82862e-08	7.24399e-09	4.41431e-07	0	0	0	0	0	0	0	0	0	0	0	0	0	0	0	0	0	0	0	0	0
d1_13	0.000339748	0.000534665	0.00058888	0.000543932	0.000460231	0.000384139	0.000298695	0.000229996	0.000181217	0.000139266	0.00011026	9.62604e-05	7.80804e-05	7.10926e-05	6.74324e-05	5.85695e-05	5.76369e-05	5.56039e-05	5.0406e-05	5.41574e-05	5.46825e-05	6.02542e-05	4.68711e-05	4.79115e-05	4.66972e-05	3.86306e-05	5.14178e-05	4.98699e-05	4.24065e-05	4.00455e-05	3.6677e-05	3.34223e-05	3.68773e-05	3.48512e-05	4.08103e-05	2.73027e-05	2.60802e-05	2.43508e-05	2.39024e-05	2.03413e-05	2.44942e-05	2.72626e-05	2.5526e-05	1.56539e-05	2.19492e-05	1.886e-05	2.03586e-05	1.62228e-05	1.12676e-05	1.46813e-05	1.23624e-05	1.12584e-05	1.28136e-05	8.35755e-06	1.00977e-05	8.07077e-06	9.48718e-06	9.11671e-06	9.79825e-06	8.7308e-06	3.92691e-06	5.53456e-06	3.52696e-06	2.9516e-06	2.28591e-06	3.75172e-06	3.68195e-06	2.96081e-06	1.90362e-06	4.45102e-06	1.82126e-06	2.20127e-06	1.53079e-06	1.38852e-06	1.45485e-06	2.67942e-07	3.65757e-07	3.34282e-07	6.27813e-08	1.26872e-06	1.17715e-07	1.38035e-06	2.17773e-07	0	0	0	0	0	0	0	0	0	0	0	0	0	0	0	0	0	0	0	0	0	0
d1_14	0.000258532	0.000404192	0.000476849	0.00045322	0.000405783	0.000356045	0.000275044	0.000219986	0.000164728	0.000145865	0.000107359	8.80491e-05	7.49782e-05	8.0015e-05	6.29903e-05	6.08945e-05	5.95176e-05	5.8356e-05	5.42628e-05	4.697e-05	3.50021e-05	3.80016e-05	4.26765e-05	4.40856e-05	3.91994e-05	5.54798e-05	3.95595e-05	4.0046e-05	3.76752e-05	3.42772e-05	4.07655e-05	3.61808e-05	3.64691e-05	2.67919e-05	2.7681e-05	2.51189e-05	2.97325e-05	2.60543e-05	2.55804e-05	2.04073e-05	2.57107e-05	2.63493e-05	2.00608e-05	2.20157e-05	1.7054e-05	2.66384e-05	1.91307e-05	1.88022e-05	9.85668e-06	1.22471e-05	1.70148e-05	1.92262e-05	9.50017e-06	9.1594e-06	1.46482e-05	6.61471e-06	6.01972e-06	8.84345e-06	1.28153e-05	9.70557e-06	8.30507e-06	5.3443e-06	2.51487e-06	4.8468e-06	3.47315e-06	5.31202e-06	5.10569e-06	4.65896e-06	4.80307e-06	6.11697e-06	4.95972e-06	3.3058e-06	9.64378e-07	2.03616e-06	6.66104e-07	1.74941e-06	1.70383e-06	1.11309e-06	1.14688e-06	1.7224e-06	2.40359e-07	9.38356e-07	0	0	0	0	0	0	0	0	0	0	0	0	0	0	0	0	0	0	0	0	0	0	0
d1_15	0.000181706	0.000319781	0.000406722	0.000413516	0.000368202	0.000322704	0.000245621	0.000210141	0.000179915	0.000135734	0.000108305	8.49674e-05	7.87725e-05	6.88958e-05	6.12592e-05	5.18896e-05	5.35803e-05	4.80064e-05	5.65312e-05	5.30377e-05	4.75621e-05	3.51535e-05	4.11635e-05	4.34708e-05	4.34506e-05	4.29304e-05	3.83561e-05	4.46367e-05	3.20337e-05	3.74574e-05	2.89788e-05	3.51876e-05	3.35941e-05	3.02192e-05	2.55637e-05	2.98472e-05	2.92189e-05	3.76541e-05	2.35284e-05	1.98938e-05	2.647e-05	2.39635e-05	2.16727e-05	1.75572e-05	2.49791e-05	1.96865e-05	2.52768e-05	2.35831e-05	2.09999e-05	2.36768e-05	1.11159e-05	1.43419e-05	1.7635e-05	7.09484e-06	6.02614e-06	1.18934e-05	1.08063e-05	8.93622e-06	6.33948e-06	5.62254e-06	5.72122e-06	7.45612e-06	8.987e-06	4.43e-06	4.7764e-06	6.63326e-06	2.94709e-06	2.87617e-06	4.0124e-06	5.14919e-06	1.8882e-06	2.65902e-06	2.10373e-06	5.60267e-07	1.70294e-06	7.27524e-07	1.05943e-06	4.12002e-07	1.36463e-06	1.07725e-06	1.89885e-07	0	0	0	0	0	0	0	0	0	0	0	0	0	0	0	0	0	0	0	0	0	0	0	0
d1_16	0.000126388	0.000251916	0.000316138	0.00035259	0.000308716	0.000300959	0.000224394	0.000211733	0.000171531	0.00013202	0.000103694	8.30328e-05	7.26722e-05	6.5972e-05	5.03494e-05	5.06196e-05	4.87633e-05	4.8784e-05	4.81581e-05	4.3259e-05	4.67851e-05	3.8806e-05	4.3193e-05	4.02596e-05	4.90361e-05	3.64912e-05	3.73759e-05	2.89232e-05	3.53013e-05	3.48903e-05	3.67765e-05	3.72407e-05	3.77576e-05	3.31815e-05	2.60039e-05	3.46898e-05	3.30566e-05	3.56962e-05	2.72331e-05	2.27287e-05	2.37324e-05	2.42763e-05	2.39871e-05	2.44735e-05	2.07459e-05	2.17152e-05	2.25321e-05	1.94906e-05	1.84372e-05	1.78376e-05	1.45566e-05	1.52989e-05	1.45915e-05	1.62222e-05	7.67093e-06	1.16316e-05	7.81762e-06	7.27366e-06	5.33669e-06	9.9836e-06	6.89641e-06	5.56343e-06	6.83363e-06	7.40235e-06	3.86249e-06	5.93252e-06	5.30193e-06	2.65391e-06	3.86777e-06	2.82765e-06	2.32231e-06	3.35933e-06	3.57122e-06	8.53968e-07	2.56504e-06	4.50891e-07	1.84231e-06	5.8953e-07	4.96968e-07	2.77318e-07	0	0	0	0	0	0	0	0	0	0	0	0	0	0	0	0	0	0	0	0	0	0	0	0	0
d1_17	9.72643e-05	0.000186502	0.000252408	0.00029036	0.000280793	0.000249618	0.000226256	0.000182633	0.000155121	0.00013337	0.000103035	7.94777e-05	7.88281e-05	5.82031e-05	6.02617e-05	4.76332e-05	4.69422e-05	4.48425e-05	4.46313e-05	5.6176e-05	4.33253e-05	4.18468e-05	3.61958e-05	4.02068e-05	3.29144e-05	4.20913e-05	4.11952e-05	4.02443e-05	3.74791e-05	4.18904e-05	3.2131e-05	2.9976e-05	3.2334e-05	2.94568e-05	3.49903e-05	2.88707e-05	2.88728e-05	2.92016e-05	4.1577e-05	2.54084e-05	3.39774e-05	2.42538e-05	2.99785e-05	2.33575e-05	1.78521e-05	2.67467e-05	2.35623e-05	1.7451e-05	1.76482e-05	1.30671e-05	1.77974e-05	2.02207e-05	1.53335e-05	1.78633e-05	1.43653e-05	1.03755e-05	8.71455e-06	9.10746e-06	7.96616e-06	7.43311e-06	9.73191e-06	9.76249e-06	5.22206e-06	1.10181e-05	5.4062e-06	5.96903e-06	6.84904e-06	4.02781e-06	7.31315e-06	3.6385e-06	4.44318e-06	4.18687e-06	3.87506e-06	4.76465e-07	2.35262e-06	2.63998e-06	3.95524e-06	1.50678e-06	9.5114e-07	0	0	0	0	0	0	0	0	0	0	0	0	0	0	0	0	0	0	0	0	0	0	0	0	0	0
d1_18	6.63882e-05	0.000149665	0.000208993	0.000241904	0.000242037	0.000237652	0.000204382	0.000172375	0.000140482	0.000123032	9.84112e-05	7.66753e-05	6.4982e-05	6.36559e-05	6.42584e-05	4.66367e-05	4.56823e-05	5.17083e-05	4.94013e-05	3.91074e-05	4.10032e-05	3.63329e-05	4.18036e-05	4.21218e-05	3.71736e-05	4.91409e-05	3.43747e-05	3.54254e-05	3.713e-05	3.46431e-05	3.38214e-05	3.9516e-05	2.79947e-05	3.56752e-05	2.90297e-05	3.18491e-05	2.31419e-05	3.05565e-05	3.38254e-05	2.54488e-05	2.78752e-05	2.06301e-05	2.49161e-05	3.08589e-05	2.21698e-05	1.81598e-05	2.26186e-05	1.43345e-05	1.95999e-05	1.68198e-05	1.84797e-05	2.12237e-05	1.97532e-05	1.65605e-05	1.11468e-05	1.68724e-05	2.00084e-05	1.34167e-05	1.44007e-05	7.77815e-06	1.00573e-05	3.63066e-06	6.01128e-06	7.84095e-06	5.81432e-06	4.39973e-06	3.25986e-06	7.23947e-06	4.11105e-06	3.59729e-06	4.47764e-06	3.04716e-06	4.49166e-06	5.95969e-06	2.35483e-06	1.57154e-06	3.84293e-06	2.18934e-06	0	0	0	0	0	0	0	0	0	0	0	0	0	0	0	0	0	0	0	0	0	0	0	0	0	0	0
d1_19	5.08758e-05	0.000120383	0.000175333	0.000205082	0.000220301	0.000211014	0.000183281	0.000154907	0.000143379	0.000112196	9.69513e-05	7.82955e-05	7.1302e-05	6.0839e-05	5.92457e-05	5.4053e-05	4.97956e-05	4.79235e-05	4.91625e-05	4.44646e-05	3.95501e-05	4.25448e-05	5.29045e-05	3.34251e-05	3.43611e-05	3.91003e-05	3.80552e-05	2.98025e-05	3.24487e-05	3.70204e-05	3.54923e-05	3.08093e-05	3.27185e-05	2.82924e-05	3.4059e-05	3.19934e-05	2.6407e-05	2.55624e-05	2.37586e-05	1.91996e-05	2.43865e-05	2.32474e-05	1.8728e-05	2.44057e-05	2.52097e-05	2.28423e-05	2.11313e-05	1.55601e-05	2.1908e-05	1.82607e-05	1.37516e-05	1.91141e-05	1.36239e-05	1.19559e-05	1.144e-05	9.17979e-06	1.58483e-05	1.18685e-05	9.70503e-06	8.75631e-06	9.99512e-06	9.13411e-06	7.3566e-06	7.5575e-06	1.09298e-05	5.28204e-06	6.06792e-06	2.70613e-06	3.39467e-06	3.20131e-06	3.75788e-06	5.72486e-06	6.72937e-06	5.07872e-06	1.93669e-06	4.46476e-06	1.03124e-06	0	0	0	0	0	0	0	0	0	0	0	0	0	0	0	0	0	0	0	0	0	0	0	0	0	0	0	0
d1_20	3.88181e-05	8.12603e-05	0.0001323	0.000163034	0.000173985	0.000182729	0.000167144	0.000151702	0.000131714	0.000115129	9.90579e-05	7.90458e-05	6.94478e-05	5.88244e-05	4.60489e-05	5.3522e-05	4.60896e-05	5.04392e-05	5.02282e-05	4.20564e-05	4.19925e-05	3.67582e-05	3.41505e-05	3.7198e-05	3.8695e-05	4.12466e-05	2.74087e-05	4.30884e-05	3.70506e-05	3.0788e-05	3.21549e-05	4.44829e-05	3.2079e-05	2.95482e-05	3.23422e-05	2.74876e-05	2.47504e-05	2.19192e-05	2.50957e-05	2.49455e-05	1.9072e-05	3.1076e-05	2.95485e-05	3.00394e-05	2.31439e-05	2.32335e-05	2.92506e-05	2.61701e-05	2.28235e-05	1.62428e-05	2.18424e-05	1.89311e-05	1.29005e-05	1.67259e-05	1.15966e-05	1.13732e-05	1.67387e-05	1.05612e-05	1.22998e-05	9.6142e-06	1.27701e-05	1.40092e-05	1.09807e-05	9.53407e-06	5.64786e-06	3.44148e-06	4.94264e-06	6.60156e-06	6.07656e-06	6.80053e-06	8.33197e-06	4.26294e-06	5.39314e-06	5.31406e-06	4.50033e-06	2.34686e-06	0	0	0	0	0	0	0	0	0	0	0	0	0	0	0	0	0	0	0	0	0	0	0	0	0	0	0	0	0
d1_21	2.68998e-05	6.89648e-05	0.000105693	0.000133086	0.000160855	0.000162445	0.000150004	0.000137218	0.000125831	9.98919e-05	9.08937e-05	6.67784e-05	6.3034e-05	5.3801e-05	5.61013e-05	4.97309e-05	4.69134e-05	4.50342e-05	3.91167e-05	4.28021e-05	3.74349e-05	4.43916e-05	3.98214e-05	3.59409e-05	3.85007e-05	3.48136e-05	3.81172e-05	3.76605e-05	4.00467e-05	3.9443e-05	3.35696e-05	4.14511e-05	2.67059e-05	3.61038e-05	2.64561e-05	2.63805e-05	2.7207e-05	2.77698e-05	2.51623e-05	2.30806e-05	2.1317e-05	2.50591e-05	1.93109e-05	2.02583e-05	2.18624e-05	2.31133e-05	2.44995e-05	1.5461e-05	1.8382e-05	1.97061e-05	1.82066e-05	1.40834e-05	2.1094e-05	1.61519e-05	1.99687e-05	1.19792e-05	1.29301e-05	1.42547e-05	8.6764e-06	1.37392e-05	9.59012e-06	9.05227e-06	1.29682e-05	6.31986e-06	1.0619e-05	7.40291e-06	8.0976e-06	1.24806e-05	6.90395e-06	4.73183e-06	5.29913e-06	5.73858e-06	3.19815e-06	6.01382e-06	3.45243e-06	0	0	0	0	0	0	0	0	0	0	0	0	0	0	0	0	0	0	0	0	0	0	0	0	0	0	0	0	0	0
d1_22	1.99441e-05	5.16019e-05	9.11356e-05	0.000111595	0.000130782	0.000151521	0.000125884	0.000125905	0.000105284	0.000105113	8.45123e-05	7.82552e-05	6.30225e-05	5.35623e-05	4.65067e-05	4.98879e-05	4.53187e-05	4.24222e-05	4.05504e-05	3.91072e-05	3.3533e-05	4.22047e-05	3.64479e-05	3.90961e-05	3.62906e-05	3.86938e-05	3.56732e-05	3.52249e-05	4.30462e-05	3.78602e-05	3.18491e-05	3.29061e-05	2.32515e-05	3.56923e-05	2.57621e-05	2.74238e-05	2.37167e-05	3.38897e-05	2.8542e-05	2.64452e-05	3.02418e-05	2.43204e-05	2.16701e-05	2.6571e-05	2.53327e-05	2.60918e-05	2.06648e-05	1.71652e-05	2.01756e-05	1.80437e-05	2.59688e-05	1.79607e-05	1.66719e-05	1.63181e-05	1.58755e-05	1.18071e-05	1.89277e-05	1.46605e-05	1.2848e-05	6.6024e-06	1.173e-05	1.3503e-05	4.98996e-06	1.52068e-05	6.16781e-06	1.07728e-05	1.10495e-05	4.96724e-06	8.02114e-06	6.28739e-06	7.68104e-06	4.55248e-06	6.28312e-06	3.70248e-06	0	0	0	0	0	0	0	0	0	0	0	0	0	0	0	0	0	0	0	0	0	0	0	0	0	0	0	0	0	0	0
d1_23	1.64264e-05	4.07055e-05	6.92943e-05	9.81619e-05	0.000106317	0.000123716	0.000119168	0.000112714	0.000106702	8.92959e-05	8.97335e-05	7.42431e-05	6.02904e-05	5.25455e-05	5.19905e-05	3.71737e-05	4.3204e-05	3.24022e-05	4.09632e-05	3.9721e-05	3.67593e-05	4.10085e-05	3.84997e-05	3.88981e-05	3.20916e-05	3.3783e-05	3.33514e-05	2.71018e-05	3.99138e-05	3.77033e-05	2.76243e-05	3.36054e-05	3.6417e-05	3.04251e-05	2.81635e-05	2.98803e-05	3.61502e-05	2.52446e-05	3.27644e-05	2.10847e-05	2.90513e-05	2.3333e-05	2.47187e-05	2.5777e-05	2.45947e-05	2.26424e-05	2.58179e-05	2.13798e-05	2.14619e-05	2.63009e-05	2.46478e-05	1.97449e-05	2.17103e-05	1.88019e-05	1.82483e-05	1.78471e-05	1.72066e-05	1.59178e-05	1.45872e-05	1.2848e-05	1.40667e-05	1.3992e-05	1.55644e-05	1.3466e-05	9.77841e-06	7.62257e-06	6.44489e-06	1.00682e-05	1.20083e-05	5.4414e-06	5.77368e-06	2.78254e-06	4.49132e-06	0	0	0	0	0	0	0	0	0	0	0	0	0	0	0	0	0	0	0	0	0	0	0	0	0	0	0	0	0	0	0	0
d1_24	1.18318e-05	2.93429e-05	5.04406e-05	7.95806e-05	9.46725e-05	0.000113676	0.000108665	0.000102008	8.29283e-05	7.77733e-05	8.062e-05	6.8861e-05	5.66095e-05	5.1237e-05	4.63133e-05	4.66557e-05	3.9187e-05	3.66708e-05	3.36774e-05	3.22175e-05	3.42722e-05	3.99548e-05	3.09868e-05	3.05172e-05	3.71881e-05	4.94518e-05	2.89171e-05	3.07137e-05	3.30724e-05	3.13744e-05	3.75739e-05	3.69059e-05	3.54577e-05	3.33746e-05	2.70629e-05	3.10518e-05	2.71337e-05	2.46249e-05	2.8582e-05	2.76672e-05	3.24937e-05	2.64202e-05	2.16724e-05	2.37255e-05	2.61226e-05	1.92135e-05	2.0832e-05	2.2926e-05	2.35024e-05	2.50939e-05	1.6611e-05	2.15686e-05	1.82788e-05	1.83027e-05	1.996e-05	1.46101e-05	1.65515e-05	1.24101e-05	1.68467e-05	1.65422e-05	1.36583e-05	1.23805e-05	5.36696e-06	1.13956e-05	1.08945e-05	1.49276e-05	6.93985e-06	9.41973e-06	8.29219e-06	1.15015e-05	1.05004e-05	3.22692e-06	0	0	0	0	0	0	0	0	0	0	0	0	0	0	0	0	0	0	0	0	0	0	0	0	0	0	0	0	0	0	0	0	0
d1_25	7.78116e-06	2.16143e-05	4.40813e-05	6.6427e-05	8.15074e-05	8.55816e-05	9.3395e-05	9.87819e-05	9.45006e-05	7.56933e-05	7.50274e-05	6.26422e-05	5.39325e-05	5.12879e-05	4.92795e-05	4.08254e-05	3.89582e-05	4.31558e-05	4.04714e-05	3.78951e-05	3.92309e-05	2.89122e-05	3.48767e-05	3.24913e-05	3.98421e-05	4.1822e-05	2.71093e-05	3.0658e-05	3.2769e-05	3.21381e-05	3.28567e-05	3.30852e-05	3.38791e-05	3.30104e-05	2.9309e-05	3.24264e-05	2.42724e-05	2.20025e-05	2.36049e-05	2.72425e-05	1.85988e-05	1.99824e-05	2.63253e-05	2.42122e-05	2.33513e-05	2.57014e-05	1.58896e-05	2.01233e-05	2.05233e-05	1.8699e-05	1.86889e-05	1.8986e-05	1.86312e-05	1.45532e-05	1.97669e-05	1.91713e-05	1.39841e-05	1.95591e-05	1.30484e-05	1.56256e-05	1.03835e-05	1.39335e-05	1.26539e-05	1.23009e-05	1.63461e-05	1.25731e-05	6.36287e-06	6.02347e-06	8.43608e-06	5.63859e-06	3.86094e-06	0	0	0	0	0	0	0	0	0	0	0	0	0	0	0	0	0	0	0	0	0	0	0	0	0	0	0	0	0	0	0	0	0	0
d1_26	5.56984e-06	1.61653e-05	3.41839e-05	5.26193e-05	6.09271e-05	6.74797e-05	7.27048e-05	8.98806e-05	7.75483e-05	6.97444e-05	5.98117e-05	5.80941e-05	6.28872e-05	4.74095e-05	4.52006e-05	3.56392e-05	3.99095e-05	3.66915e-05	4.1844e-05	3.48766e-05	3.42774e-05	2.89851e-05	3.46921e-05	2.62997e-05	3.08009e-05	2.73098e-05	2.8668e-05	3.24422e-05	2.51966e-05	3.20359e-05	3.62829e-05	3.08872e-05	2.68011e-05	2.66802e-05	2.60315e-05	2.97112e-05	3.3179e-05	3.45848e-05	2.46729e-05	2.66341e-05	2.59439e-05	2.51543e-05	1.75851e-05	3.21903e-05	2.70038e-05	1.67962e-05	2.41273e-05	2.38299e-05	1.89086e-05	2.1629e-05	1.88612e-05	2.13142e-05	1.70222e-05	2.17018e-05	2.35715e-05	1.69596e-05	1.88195e-05	2.20023e-05	1.22446e-05	1.21305e-05	1.52486e-05	1.05977e-05	1.10531e-05	1.26768e-05	8.43226e-06	1.004e-05	9.89381e-06	9.14449e-06	1.22725e-05	4.62076e-06	0	0	0	0	0	0	0	0	0	0	0	0	0	0	0	0	0	0	0	0	0	0	0	0	0	0	0	0	0	0	0	0	0	0	0
d1_27	2.8175e-06	1.18704e-05	2.90802e-05	4.67411e-05	6.01611e-05	6.83811e-05	7.52828e-05	7.25581e-05	6.61119e-05	6.47001e-05	5.72122e-05	5.70593e-05	4.89641e-05	4.10471e-05	4.49155e-05	3.43917e-05	4.13327e-05	3.02643e-05	3.3577e-05	2.88329e-05	3.48418e-05	3.3485e-05	3.36204e-05	3.0753e-05	2.61421e-05	2.63411e-05	3.81419e-05	3.07566e-05	2.66472e-05	3.24169e-05	3.62013e-05	3.02997e-05	3.12772e-05	2.95164e-05	2.49435e-05	2.52187e-05	3.48618e-05	3.45452e-05	2.0244e-05	2.80982e-05	2.19565e-05	2.65002e-05	2.58798e-05	2.91159e-05	2.84328e-05	2.26297e-05	1.90839e-05	3.16124e-05	2.16404e-05	1.86163e-05	1.73066e-05	2.34964e-05	1.87178e-05	1.44425e-05	2.09886e-05	2.24947e-05	1.81053e-05	1.47572e-05	2.21129e-05	1.59239e-05	1.43979e-05	1.5167e-05	1.11899e-05	1.13202e-05	1.14065e-05	1.29776e-05	1.17275e-05	1.07688e-05	6.63382e-06	0	0	0	0	0	0	0	0	0	0	0	0	0	0	0	0	0	0	0	0	0	0	0	0	0	0	0	0	0	0	0	0	0	0	0	0
d1_28	2.68268e-06	6.66336e-06	2.26322e-05	3.81125e-05	5.1061e-05	5.71746e-05	6.17251e-05	5.52974e-05	6.9079e-05	6.0124e-05	6.16892e-05	4.83539e-05	5.10227e-05	3.85346e-05	3.99619e-05	4.38919e-05	4.04357e-05	2.86889e-05	2.88814e-05	3.11061e-05	2.44405e-05	2.25722e-05	3.79938e-05	3.28488e-05	3.29248e-05	3.80678e-05	2.88041e-05	2.66924e-05	3.55123e-05	3.13521e-05	2.67106e-05	3.16094e-05	2.97116e-05	3.18481e-05	2.76439e-05	2.34339e-05	3.12961e-05	2.68272e-05	2.78468e-05	2.52028e-05	2.86196e-05	2.32874e-05	1.98535e-05	3.20041e-05	2.39755e-05	1.86587e-05	2.17286e-05	2.66489e-05	2.30685e-05	1.82769e-05	2.02374e-05	2.16668e-05	2.36845e-05	1.83492e-05	1.88994e-05	1.80619e-05	1.66275e-05	1.42996e-05	1.58105e-05	3.02446e-05	1.35138e-05	1.51491e-05	1.46298e-05	2.22389e-05	1.62835e-05	1.36101e-05	1.26523e-05	7.01889e-06	0	0	0	0	0	0	0	0	0	0	0	0	0	0	0	0	0	0	0	0	0	0	0	0	0	0	0	0	0	0	0	0	0	0	0	0	0
d1_29	2.53319e-06	6.44943e-06	1.65572e-05	3.12133e-05	3.34017e-05	4.70263e-05	5.13982e-05	5.67902e-05	5.35785e-05	5.5514e-05	5.32656e-05	4.92714e-05	4.4682e-05	3.65678e-05	4.03416e-05	3.59241e-05	3.58343e-05	3.22399e-05	3.03771e-05	3.31825e-05	2.4269e-05	3.58759e-05	3.32931e-05	3.21046e-05	2.66275e-05	3.60306e-05	2.77478e-05	2.50929e-05	3.4993e-05	3.11986e-05	3.15523e-05	2.83839e-05	2.72869e-05	2.11071e-05	3.07663e-05	2.68232e-05	2.87191e-05	2.71529e-05	2.30856e-05	2.53253e-05	2.50496e-05	3.23275e-05	2.2796e-05	2.50306e-05	2.60374e-05	2.34852e-05	2.09598e-05	2.21092e-05	3.36341e-05	2.24074e-05	2.45929e-05	1.72659e-05	1.42702e-05	2.02554e-05	1.91262e-05	2.44849e-05	1.94568e-05	1.87977e-05	1.50534e-05	1.83125e-05	1.76983e-05	1.36597e-05	1.24357e-05	1.3388e-05	1.06044e-05	1.12752e-05	6.24608e-06	0	0	0	0	0	0	0	0	0	0	0	0	0	0	0	0	0	0	0	0	0	0	0	0	0	0	0	0	0	0	0	0	0	0	0	0	0	0
d1_30	1.17383e-06	5.75801e-06	1.0962e-05	2.20604e-05	3.22758e-05	4.1315e-05	4.40001e-05	5.3318e-05	4.50676e-05	5.63315e-05	5.40695e-05	4.72517e-05	4.87915e-05	3.97465e-05	3.5147e-05	3.4506e-05	2.95405e-05	3.07389e-05	3.4371e-05	2.79715e-05	3.2985e-05	3.49266e-05	2.66021e-05	3.09045e-05	2.67366e-05	2.66452e-05	3.07367e-05	3.07083e-05	2.04447e-05	2.91921e-05	3.07637e-05	2.50394e-05	3.46312e-05	2.94413e-05	2.7305e-05	2.9333e-05	2.64366e-05	3.28646e-05	2.86815e-05	2.99043e-05	2.4249e-05	2.72948e-05	2.32764e-05	2.8901e-05	2.44289e-05	2.45247e-05	2.5162e-05	3.90831e-05	2.48455e-05	2.1226e-05	2.74014e-05	2.62109e-05	2.23962e-05	2.2159e-05	2.30642e-05	2.6501e-05	2.26528e-05	2.63157e-05	2.08557e-05	1.71563e-05	2.01637e-05	2.17291e-05	2.16721e-05	1.63856e-05	1.60602e-05	6.16139e-06	0	0	0	0	0	0	0	0	0	0	0	0	0	0	0	0	0	0	0	0	0	0	0	0	0	0	0	0	0	0	0	0	0	0	0	0	0	0	0
d1_31	1.78117e-06	5.39952e-06	7.89893e-06	1.96254e-05	2.67233e-05	3.02782e-05	3.85662e-05	4.33753e-05	4.6732e-05	4.36628e-05	3.99184e-05	4.39428e-05	4.14424e-05	4.35247e-05	3.55592e-05	3.03422e-05	2.85226e-05	3.44889e-05	2.97202e-05	3.44857e-05	2.99279e-05	2.56204e-05	3.61858e-05	3.9803e-05	3.05754e-05	2.89752e-05	2.96263e-05	3.1182e-05	2.43797e-05	3.61027e-05	3.44298e-05	3.52945e-05	2.48923e-05	2.65081e-05	2.39483e-05	2.73841e-05	3.09767e-05	2.23263e-05	2.73441e-05	3.16974e-05	2.3417e-05	3.50613e-05	2.47904e-05	3.26496e-05	2.9551e-05	2.85363e-05	3.09973e-05	2.59875e-05	2.63062e-05	3.01892e-05	2.28347e-05	2.3069e-05	2.05491e-05	2.73401e-05	2.05127e-05	1.80468e-05	2.09096e-05	1.77545e-05	1.61614e-05	2.2055e-05	1.82074e-05	1.7887e-05	1.34153e-05	2.03076e-05	5.41305e-06	0	0	0	0	0	0	0	0	0	0	0	0	0	0	0	0	0	0	0	0	0	0	0	0	0	0	0	0	0	0	0	0	0	0	0	0	0	0	0	0
d1_32	2.24434e-07	4.45518e-06	8.84727e-06	1.92796e-05	1.98013e-05	2.65987e-05	3.25234e-05	3.60135e-05	3.64938e-05	3.99448e-05	4.03651e-05	4.17857e-05	3.41332e-05	3.73555e-05	3.41853e-05	3.01368e-05	2.79402e-05	2.33385e-05	2.60557e-05	1.94689e-05	3.25993e-05	2.54461e-05	2.82065e-05	3.33248e-05	2.67939e-05	2.49174e-05	2.35522e-05	2.00685e-05	3.51086e-05	2.84242e-05	3.08644e-05	2.52633e-05	3.0256e-05	2.59587e-05	2.51054e-05	2.80606e-05	2.37449e-05	3.13984e-05	2.69367e-05	2.17841e-05	2.9278e-05	2.69228e-05	3.4173e-05	2.34766e-05	2.39439e-05	2.44117e-05	2.31175e-05	2.89754e-05	2.93211e-05	2.14733e-05	2.20037e-05	2.21996e-05	2.37361e-05	3.09669e-05	1.57009e-05	2.03817e-05	2.28347e-05	1.82015e-05	2.34857e-05	2.28382e-05	2.18652e-05	2.16744e-05	2.48111e-05	5.73974e-06	0	0	0	0	0	0	0	0	0	0	0	0	0	0	0	0	0	0	0	0	0	0	0	0	0	0	0	0	0	0	0	0	0	0	0	0	0	0	0	0	0
d1_33	5.68072e-07	1.92031e-06	5.04845e-06	1.0699e-05	1.75914e-05	2.70924e-05	2.73715e-05	3.25621e-05	3.1565e-05	3.62393e-05	3.85724e-05	3.45142e-05	2.95435e-05	3.19742e-05	3.05547e-05	3.54859e-05	2.71572e-05	2.71526e-05	2.44866e-05	2.41972e-05	2.42945e-05	2.70304e-05	2.41254e-05	2.43846e-05	3.073e-05	2.25147e-05	2.73231e-05	2.91383e-05	2.81335e-05	2.35068e-05	3.67103e-05	2.61963e-05	2.8527e-05	2.56555e-05	2.55211e-05	2.53158e-05	2.89265e-05	3.12385e-05	2.32829e-05	2.95675e-05	2.5952e-05	3.50247e-05	2.38501e-05	2.35106e-05	3.15366e-05	2.16216e-05	2.28002e-05	2.24076e-05	2.92527e-05	3.08534e-05	2.30042e-05	2.70374e-05	2.03968e-05	2.18289e-05	2.11864e-05	2.73741e-05	1.9243e-05	1.91856e-05	2.01822e-05	1.99154e-05	1.91645e-05	2.15815e-05	8.08839e-06	0	0	0	0	0	0	0	0	0	0	0	0	0	0	0	0	0	0	0	0	0	0	0	0	0	0	0	0	0	0	0	0	0	0	0	0	0	0	0	0	0	0
d1_34	3.84058e-07	2.2932e-06	4.43292e-06	7.23008e-06	1.42364e-05	1.94559e-05	2.29111e-05	3.20018e-05	3.01061e-05	3.62472e-05	2.96088e-05	2.47065e-05	3.01605e-05	2.85618e-05	2.4484e-05	2.83897e-05	2.66601e-05	2.88022e-05	3.00911e-05	2.84214e-05	2.87164e-05	2.29056e-05	2.64886e-05	2.09417e-05	2.3471e-05	2.41822e-05	2.49243e-05	2.28834e-05	2.26545e-05	2.35596e-05	2.90853e-05	2.45619e-05	1.77063e-05	3.59271e-05	2.43852e-05	2.93234e-05	2.56188e-05	1.76947e-05	2.44032e-05	2.89318e-05	2.58121e-05	2.40496e-05	2.34483e-05	2.96986e-05	1.96214e-05	2.29974e-05	2.78782e-05	2.19684e-05	2.62557e-05	2.4747e-05	1.7813e-05	2.76193e-05	1.96258e-05	2.18674e-05	2.49311e-05	2.47336e-05	2.17419e-05	1.83111e-05	2.38316e-05	2.23541e-05	1.87859e-05	9.68948e-06	0	0	0	0	0	0	0	0	0	0	0	0	0	0	0	0	0	0	0	0	0	0	0	0	0	0	0	0	0	0	0	0	0	0	0	0	0	0	0	0	0	0	0
d1_35	9.23297e-09	2.8451e-06	5.86673e-06	9.11497e-06	1.41398e-05	1.59779e-05	1.92959e-05	2.12382e-05	2.99915e-05	2.45433e-05	3.20639e-05	2.56934e-05	2.70704e-05	2.79961e-05	2.39482e-05	2.69653e-05	2.77809e-05	2.65044e-05	2.13083e-05	3.1953e-05	2.92483e-05	2.98581e-05	2.22076e-05	2.37586e-05	2.20829e-05	1.94957e-05	2.24792e-05	2.37793e-05	2.14423e-05	2.05566e-05	3.10327e-05	2.04696e-05	2.19844e-05	2.90475e-05	3.51814e-05	2.12046e-05	2.52522e-05	2.46662e-05	2.62993e-05	2.77002e-05	2.45006e-05	2.42221e-05	2.19497e-05	3.03741e-05	2.15723e-05	2.63009e-05	2.44707e-05	2.70007e-05	3.64588e-05	1.95339e-05	1.76284e-05	2.7337e-05	2.32859e-05	2.39855e-05	2.43227e-05	2.58555e-05	2.25724e-05	1.94252e-05	2.22506e-05	2.14583e-05	7.84399e-06	0	0	0	0	0	0	0	0	0	0	0	0	0	0	0	0	0	0	0	0	0	0	0	0	0	0	0	0	0	0	0	0	0	0	0	0	0	0	0	0	0	0	0	0
d1_36	1.24998e-07	8.8252e-07	3.18919e-06	4.76761e-06	9.11106e-06	1.13755e-05	1.83572e-05	2.04017e-05	2.3612e-05	2.40967e-05	2.83019e-05	2.56013e-05	3.00039e-05	2.72492e-05	2.87506e-05	2.74576e-05	2.25368e-05	2.48638e-05	1.88715e-05	2.18378e-05	2.58921e-05	2.35406e-05	2.86658e-05	1.92934e-05	2.75514e-05	2.26028e-05	2.09718e-05	2.73309e-05	2.90594e-05	2.48311e-05	1.99844e-05	2.67253e-05	2.46909e-05	2.58797e-05	2.41255e-05	1.90952e-05	3.17334e-05	2.12876e-05	3.172e-05	2.44989e-05	3.02885e-05	2.92648e-05	2.63941e-05	3.3672e-05	2.6393e-05	3.36097e-05	3.09879e-05	2.07578e-05	2.59886e-05	2.40918e-05	2.18705e-05	1.80483e-05	2.94062e-05	2.25649e-05	2.86219e-05	2.35129e-05	2.41988e-05	1.98627e-05	2.72785e-05	1.0227e-05	0	0	0	0	0	0	0	0	0	0	0	0	0	0	0	0	0	0	0	0	0	0	0	0	0	0	0	0	0	0	0	0	0	0	0	0	0	0	0	0	0	0	0	0	0
d1_37	6.84712e-08	3.92047e-07	1.51127e-06	5.78331e-06	4.96575e-06	1.20367e-05	1.21897e-05	1.4825e-05	1.72649e-05	1.74255e-05	2.0534e-05	2.41253e-05	2.3325e-05	1.92512e-05	2.66958e-05	2.65892e-05	2.03811e-05	2.1458e-05	2.40818e-05	1.84622e-05	2.08577e-05	2.45701e-05	2.32102e-05	2.16786e-05	2.61487e-05	2.05338e-05	2.04995e-05	2.34527e-05	2.28827e-05	2.16159e-05	2.49091e-05	2.46401e-05	2.40186e-05	2.70652e-05	2.53563e-05	2.85638e-05	2.65819e-05	2.66058e-05	2.63237e-05	2.77871e-05	2.68712e-05	2.33596e-05	2.42401e-05	3.15292e-05	2.63095e-05	2.71629e-05	2.62069e-05	2.77656e-05	2.61424e-05	2.15643e-05	2.617e-05	3.07578e-05	1.91976e-05	2.04944e-05	2.51167e-05	2.80201e-05	2.21962e-05	2.04278e-05	7.50641e-06	0	0	0	0	0	0	0	0	0	0	0	0	0	0	0	0	0	0	0	0	0	0	0	0	0	0	0	0	0	0	0	0	0	0	0	0	0	0	0	0	0	0	0	0	0	0
d1_38	0	1.69411e-06	1.3198e-06	4.46571e-06	5.39274e-06	1.12929e-05	1.28492e-05	1.23486e-05	1.68771e-05	1.93584e-05	1.70386e-05	1.89126e-05	2.32391e-05	2.32724e-05	2.5224e-05	2.05299e-05	1.71376e-05	2.25003e-05	3.07407e-05	1.788e-05	1.9319e-05	2.02529e-05	1.91275e-05	2.2449e-05	2.24755e-05	1.797e-05	1.86125e-05	2.22862e-05	1.99256e-05	1.93348e-05	1.90121e-05	2.47984e-05	2.92991e-05	3.55162e-05	1.8257e-05	2.74825e-05	2.65003e-05	2.44281e-05	2.61088e-05	1.67969e-05	2.72645e-05	2.54851e-05	2.96508e-05	2.82577e-05	2.75713e-05	2.3902e-05	2.53044e-05	3.00267e-05	3.25639e-05	3.16641e-05	2.74377e-05	1.89815e-05	2.56333e-05	1.9196e-05	2.02677e-05	2.40312e-05	2.31436e-05	1.04626e-05	0	0	0	0	0	0	0	0	0	0	0	0	0	0	0	0	0	0	0	0	0	0	0	0	0	0	0	0	0	0	0	0	0	0	0	0	0	0	0	0	0	0	0	0	0	0	0
d1_39	1.11354e-07	1.01214e-06	8.31111e-07	1.70309e-06	5.09826e-06	6.83178e-06	1.04322e-05	1.53741e-05	1.46406e-05	1.94395e-05	1.92706e-05	1.75723e-05	1.82415e-05	2.02896e-05	2.49564e-05	2.377e-05	1.75597e-05	2.31031e-05	2.06691e-05	2.19745e-05	1.78328e-05	1.86073e-05	2.46495e-05	1.8433e-05	1.86648e-05	1.81744e-05	1.86016e-05	1.70572e-05	1.99176e-05	2.8642e-05	2.15363e-05	2.44328e-05	2.73519e-05	2.2279e-05	2.64677e-05	1.91887e-05	3.02834e-05	1.99634e-05	2.67266e-05	3.31383e-05	2.04222e-05	2.15154e-05	2.30313e-05	3.02909e-05	2.4308e-05	2.39145e-05	3.05658e-05	2.56512e-05	2.57935e-05	3.03029e-05	2.83968e-05	2.53098e-05	2.94094e-05	1.72466e-05	2.5731e-05	3.21733e-05	1.51619e-05	0	0	0	0	0	0	0	0	0	0	0	0	0	0	0	0	0	0	0	0	0	0	0	0	0	0	0	0	0	0	0	0	0	0	0	0	0	0	0	0	0	0	0	0	0	0	0	0
d1_40	3.56208e-07	2.25156e-07	1.04917e-06	2.80205e-06	4.23899e-06	6.43764e-06	7.23421e-06	1.13554e-05	1.20422e-05	1.25448e-05	1.49301e-05	1.54311e-05	1.78489e-05	1.7203e-05	1.51662e-05	1.44246e-05	1.87781e-05	1.68968e-05	1.88302e-05	2.0547e-05	1.99995e-05	1.53779e-05	1.71731e-05	1.9321e-05	2.43183e-05	2.25386e-05	2.55548e-05	1.9161e-05	1.74694e-05	1.53533e-05	2.24456e-05	2.13019e-05	2.62812e-05	2.42259e-05	2.23859e-05	2.84735e-05	2.28437e-05	2.75693e-05	2.4613e-05	2.13941e-05	2.2493e-05	2.40916e-05	2.05698e-05	2.98135e-05	2.3727e-05	2.08663e-05	2.2302e-05	1.79826e-05	2.54893e-05	3.06767e-05	2.44308e-05	2.57295e-05	1.79252e-05	2.30162e-05	2.18198e-05	1.57037e-05	0	0	0	0	0	0	0	0	0	0	0	0	0	0	0	0	0	0	0	0	0	0	0	0	0	0	0	0	0	0	0	0	0	0	0	0	0	0	0	0	0	0	0	0	0	0	0	0	0
d1_41	3.3549e-07	4.08498e-07	6.75785e-07	1.16739e-06	4.14349e-06	4.83047e-06	6.4438e-06	7.96278e-06	1.11161e-05	1.45351e-05	1.60719e-05	1.70348e-05	1.34123e-05	1.95249e-05	2.02949e-05	2.05771e-05	1.44077e-05	1.75378e-05	1.60249e-05	1.59864e-05	2.08034e-05	1.75785e-05	1.63548e-05	2.16834e-05	1.75982e-05	1.42289e-05	1.71516e-05	1.81507e-05	2.10865e-05	2.0165e-05	2.21825e-05	2.02961e-05	2.33681e-05	1.97245e-05	1.2113e-05	2.63981e-05	2.48668e-05	2.67694e-05	2.29468e-05	1.92128e-05	2.33543e-05	2.52608e-05	2.3606e-05	3.07338e-05	2.24704e-05	3.22612e-05	3.16604e-05	2.68243e-05	2.41019e-05	1.93926e-05	2.45334e-05	2.54565e-05	2.57095e-05	3.08304e-05	1.19967e-05	0	0	0	0	0	0	0	0	0	0	0	0	0	0	0	0	0	0	0	0	0	0	0	0	0	0	0	0	0	0	0	0	0	0	0	0	0	0	0	0	0	0	0	0	0	0	0	0	0	0
d1_42	0	2.12337e-08	5.56618e-07	9.52209e-07	2.46584e-06	3.64754e-06	6.02249e-06	6.26971e-06	7.6982e-06	1.08621e-05	1.47914e-05	1.57705e-05	1.2177e-05	1.61477e-05	1.63513e-05	1.51587e-05	1.588e-05	1.89275e-05	1.59984e-05	1.69246e-05	1.76866e-05	1.6682e-05	1.68396e-05	1.95412e-05	1.58268e-05	2.02945e-05	1.91695e-05	1.67766e-05	2.1294e-05	1.76057e-05	2.19874e-05	2.23156e-05	1.82356e-05	2.37236e-05	2.41895e-05	2.52089e-05	1.93278e-05	2.60883e-05	3.29823e-05	2.8003e-05	2.57322e-05	2.42503e-05	2.45735e-05	2.13981e-05	2.92235e-05	2.60671e-05	2.73395e-05	2.51514e-05	3.10009e-05	2.18344e-05	2.19392e-05	2.52795e-05	2.28347e-05	1.1834e-05	0	0	0	0	0	0	0	0	0	0	0	0	0	0	0	0	0	0	0	0	0	0	0	0	0	0	0	0	0	0	0	0	0	0	0	0	0	0	0	0	0	0	0	0	0	0	0	0	0	0	0
d1_43	0	0	1.129e-08	6.89453e-07	2.67509e-06	2.96294e-06	4.48765e-06	5.85694e-06	6.25729e-06	7.74243e-06	1.26412e-05	8.88205e-06	1.68048e-05	1.49186e-05	1.22002e-05	1.66114e-05	1.47365e-05	1.60591e-05	1.27878e-05	1.71802e-05	1.78268e-05	1.60204e-05	1.28604e-05	1.32895e-05	1.3578e-05	2.21795e-05	1.62324e-05	1.96269e-05	1.22415e-05	1.76405e-05	1.6342e-05	1.49446e-05	2.27936e-05	1.92066e-05	1.35712e-05	1.99008e-05	1.83196e-05	2.70329e-05	2.29619e-05	3.15807e-05	3.1673e-05	2.70295e-05	2.61103e-05	2.69141e-05	2.27601e-05	2.00745e-05	2.67267e-05	2.90672e-05	2.41898e-05	2.22321e-05	2.42593e-05	2.44725e-05	1.17233e-05	0	0	0	0	0	0	0	0	0	0	0	0	0	0	0	0	0	0	0	0	0	0	0	0	0	0	0	0	0	0	0	0	0	0	0	0	0	0	0	0	0	0	0	0	0	0	0	0	0	0	0	0
d1_44	0	0	2.10723e-07	4.5505e-07	3.98958e-07	2.61994e-06	4.13569e-06	4.7798e-06	4.53592e-06	7.95554e-06	8.70207e-06	1.1482e-05	1.3527e-05	1.36809e-05	9.41052e-06	1.66898e-05	1.63471e-05	1.48331e-05	1.66672e-05	1.35661e-05	1.3756e-05	1.20716e-05	1.38168e-05	1.5892e-05	1.30141e-05	1.71784e-05	1.68292e-05	1.89439e-05	1.37618e-05	2.10922e-05	1.60268e-05	1.53581e-05	1.8495e-05	2.07018e-05	1.84239e-05	1.86245e-05	2.36364e-05	2.583e-05	2.48667e-05	1.87779e-05	1.90816e-05	2.01051e-05	2.2965e-05	2.21116e-05	1.99796e-05	3.04262e-05	2.574e-05	2.12817e-05	3.0307e-05	2.68222e-05	2.20841e-05	1.1834e-05	0	0	0	0	0	0	0	0	0	0	0	0	0	0	0	0	0	0	0	0	0	0	0	0	0	0	0	0	0	0	0	0	0	0	0	0	0	0	0	0	0	0	0	0	0	0	0	0	0	0	0	0	0
d1_45	0	4.89151e-08	3.2901e-08	3.01317e-07	1.00186e-06	1.22779e-06	1.84277e-06	2.3213e-06	3.65087e-06	5.2734e-06	7.14311e-06	6.52477e-06	7.30332e-06	1.48769e-05	1.15668e-05	1.2993e-05	1.10366e-05	1.43387e-05	1.54756e-05	1.48274e-05	1.73278e-05	1.64749e-05	1.94246e-05	1.41859e-05	1.08906e-05	1.66116e-05	1.47328e-05	2.00437e-05	1.6108e-05	2.45592e-05	2.0331e-05	2.19546e-05	1.75333e-05	2.44763e-05	1.6549e-05	2.1993e-05	2.48252e-05	2.12356e-05	1.72698e-05	2.21343e-05	1.83581e-05	1.85878e-05	1.88657e-05	2.93409e-05	2.99115e-05	3.05873e-05	2.04294e-05	2.33494e-05	3.09627e-05	2.55209e-05	1.19967e-05	0	0	0	0	0	0	0	0	0	0	0	0	0	0	0	0	0	0	0	0	0	0	0	0	0	0	0	0	0	0	0	0	0	0	0	0	0	0	0	0	0	0	0	0	0	0	0	0	0	0	0	0	0	0
d1_46	0	0	0	1.13451e-06	8.65718e-07	2.71817e-06	3.78044e-06	3.33669e-06	5.64479e-06	7.07347e-06	8.72314e-06	8.05425e-06	1.13229e-05	5.77143e-06	8.89783e-06	1.05001e-05	7.85575e-06	7.1015e-06	1.35392e-05	8.4998e-06	8.99006e-06	1.94917e-05	1.21944e-05	1.4394e-05	1.25221e-05	1.57265e-05	1.35983e-05	1.66558e-05	1.49043e-05	2.00585e-05	1.60797e-05	1.93421e-05	1.87905e-05	1.72818e-05	1.94822e-05	1.68602e-05	1.74707e-05	2.34204e-05	2.30732e-05	2.33938e-05	2.65679e-05	2.11945e-05	1.8232e-05	1.99851e-05	1.82605e-05	2.0655e-05	2.38905e-05	1.96271e-05	2.36811e-05	1.57037e-05	0	0	0	0	0	0	0	0	0	0	0	0	0	0	0	0	0	0	0	0	0	0	0	0	0	0	0	0	0	0	0	0	0	0	0	0	0	0	0	0	0	0	0	0	0	0	0	0	0	0	0	0	0	0	0
d1_47	0	0	1.21056e-07	8.49139e-08	4.1383e-07	1.42627e-06	1.62503e-06	2.89139e-06	4.46734e-06	5.25295e-06	6.59476e-06	7.4335e-06	5.22086e-06	8.35378e-06	1.17969e-05	1.0773e-05	1.28705e-05	8.38074e-06	1.40791e-05	9.06259e-06	1.29718e-05	1.54432e-05	1.47466e-05	1.22709e-05	9.34169e-06	1.32464e-05	1.59994e-05	1.31799e-05	1.19215e-05	1.36621e-05	1.52761e-05	2.0072e-05	1.90765e-05	1.82098e-05	1.86071e-05	1.02726e-05	1.82169e-05	1.70624e-05	1.7472e-05	2.19649e-05	2.41679e-05	2.40643e-05	2.07007e-05	1.9345e-05	1.83354e-05	1.90192e-05	2.33341e-05	2.2467e-05	1.51619e-05	0	0	0	0	0	0	0	0	0	0	0	0	0	0	0	0	0	0	0	0	0	0	0	0	0	0	0	0	0	0	0	0	0	0	0	0	0	0	0	0	0	0	0	0	0	0	0	0	0	0	0	0	0	0	0	0
d1_48	0	0	3.5875e-07	4.63314e-08	3.87445e-07	1.34861e-06	6.22993e-07	2.20846e-06	3.58482e-06	3.87342e-06	6.1712e-06	5.54188e-06	6.90289e-06	9.20628e-06	9.74856e-06	6.95891e-06	8.44091e-06	1.00095e-05	9.52548e-06	1.21273e-05	9.67383e-06	9.64635e-06	5.1308e-06	1.02349e-05	1.14661e-05	1.13439e-05	1.40199e-05	1.00905e-05	1.15605e-05	1.94649e-05	1.29842e-05	1.5357e-05	1.42404e-05	1.56152e-05	1.31162e-05	2.02225e-05	2.04718e-05	2.3085e-05	2.49433e-05	2.59373e-05	2.10158e-05	1.43886e-05	2.09379e-05	1.70714e-05	2.08496e-05	2.13209e-05	2.71663e-05	1.04626e-05	0	0	0	0	0	0	0	0	0	0	0	0	0	0	0	0	0	0	0	0	0	0	0	0	0	0	0	0	0	0	0	0	0	0	0	0	0	0	0	0	0	0	0	0	0	0	0	0	0	0	0	0	0	0	0	0	0
d1_49	0	0	0	1.05978e-07	3.37776e-07	6.94666e-07	1.28613e-06	2.208e-06	1.50595e-06	1.58673e-06	3.72485e-06	7.6842e-06	6.44139e-06	7.027e-06	5.36477e-06	7.57072e-06	8.21018e-06	7.80318e-06	8.48966e-06	8.88145e-06	8.00447e-06	7.99182e-06	1.10627e-05	9.87696e-06	1.26128e-05	1.03836e-05	1.25599e-05	8.44406e-06	1.22072e-05	1.50132e-05	1.16424e-05	1.93957e-05	1.53932e-05	2.04466e-05	1.41702e-05	1.90568e-05	1.5197e-05	1.90366e-05	2.32221e-05	1.87638e-05	2.25246e-05	2.29258e-05	2.08008e-05	2.35872e-05	2.34268e-05	1.878e-05	7.50641e-06	0	0	0	0	0	0	0	0	0	0	0	0	0	0	0	0	0	0	0	0	0	0	0	0	0	0	0	0	0	0	0	0	0	0	0	0	0	0	0	0	0	0	0	0	0	0	0	0	0	0	0	0	0	0	0	0	0	0
d1_50	0	0	0	0	9.07919e-08	9.69314e-08	2.05307e-06	1.34865e-06	1.3969e-06	2.02351e-06	4.51241e-06	4.13491e-06	3.43271e-06	6.855e-06	7.10948e-06	8.26941e-06	8.82456e-06	6.65563e-06	7.7611e-06	6.01116e-06	1.05676e-05	6.67823e-06	1.1666e-05	1.22364e-05	5.81165e-06	1.05856e-05	9.81809e-06	1.19956e-05	1.44702e-05	1.21728e-05	1.39489e-05	1.56131e-05	1.24557e-05	1.76571e-05	1.72926e-05	1.75324e-05	1.57617e-05	9.811e-06	1.93777e-05	2.19108e-05	1.94539e-05	1.91583e-05	1.8037e-05	1.72438e-05	2.00864e-05	1.0227e-05	0	0	0	0	0	0	0	0	0	0	0	0	0	0	0	0	0	0	0	0	0	0	0	0	0	0	0	0	0	0	0	0	0	0	0	0	0	0	0	0	0	0	0	0	0	0	0	0	0	0	0	0	0	0	0	0	0	0	0
d1_51	0	0	0	4.94066e-08	0	2.93934e-07	2.84376e-07	1.55777e-06	1.65205e-06	2.02119e-06	3.37773e-06	2.73562e-06	5.18016e-06	6.43149e-06	4.04924e-06	5.57321e-06	8.44959e-06	4.85061e-06	7.36867e-06	4.25979e-06	7.9061e-06	7.5658e-06	6.18028e-06	7.22414e-06	7.86358e-06	1.16856e-05	1.13487e-05	1.2794e-05	1.17879e-05	1.04122e-05	1.23394e-05	1.75212e-05	1.567e-05	1.39596e-05	1.15169e-05	1.18466e-05	2.03936e-05	1.47502e-05	1.27201e-05	1.40585e-05	1.9736e-05	2.0248e-05	1.67586e-05	2.55402e-05	7.84399e-06	0	0	0	0	0	0	0	0	0	0	0	0	0	0	0	0	0	0	0	0	0	0	0	0	0	0	0	0	0	0	0	0	0	0	0	0	0	0	0	0	0	0	0	0	0	0	0	0	0	0	0	0	0	0	0	0	0	0	0	0
d1_52	0	0	0	0	0	1.93109e-07	6.34606e-07	8.02032e-07	1.07566e-06	1.96151e-06	1.72624e-06	3.60055e-06	3.53779e-06	4.90026e-06	4.01167e-06	4.36697e-06	3.93422e-06	6.77145e-06	1.04074e-05	5.8789e-06	9.6869e-06	6.88017e-06	7.54357e-06	1.19671e-05	1.08497e-05	9.30068e-06	1.10101e-05	1.06283e-05	1.11526e-05	1.084e-05	1.90254e-05	1.5122e-05	1.19387e-05	1.61099e-05	1.51382e-05	1.62106e-05	1.38392e-05	1.41835e-05	2.39628e-05	1.46572e-05	2.48319e-05	2.18582e-05	2.3163e-05	9.68948e-06	0	0	0	0	0	0	0	0	0	0	0	0	0	0	0	0	0	0	0	0	0	0	0	0	0	0	0	0	0	0	0	0	0	0	0	0	0	0	0	0	0	0	0	0	0	0	0	0	0	0	0	0	0	0	0	0	0	0	0	0	0
d1_53	0	8.5658e-08	0	0	1.01022e-07	3.72144e-07	5.47602e-07	5.66732e-07	7.93173e-07	1.08569e-06	2.48965e-06	2.39165e-06	3.42976e-06	1.89067e-06	9.14798e-06	3.85767e-06	7.46253e-06	6.10966e-06	7.62233e-06	5.24472e-06	7.0335e-06	7.36836e-06	5.01856e-06	7.03345e-06	1.12075e-05	7.25725e-06	7.87071e-06	7.86163e-06	7.30884e-06	9.31176e-06	1.4306e-05	1.11483e-05	1.15336e-05	1.24424e-05	1.23045e-05	1.61219e-05	1.47712e-05	1.55243e-05	1.27978e-05	1.8404e-05	1.71135e-05	1.73237e-05	8.08839e-06	0	0	0	0	0	0	0	0	0	0	0	0	0	0	0	0	0	0	0	0	0	0	0	0	0	0	0	0	0	0	0	0	0	0	0	0	0	0	0	0	0	0	0	0	0	0	0	0	0	0	0	0	0	0	0	0	0	0	0	0	0	0
d1_54	0	0	0	0	1.57522e-08	1.64792e-07	1.52626e-07	1.19771e-06	5.61571e-07	1.16274e-06	2.77308e-06	3.17985e-06	2.28101e-06	1.46587e-06	2.46026e-06	3.78624e-06	6.66803e-06	5.95214e-06	5.50652e-06	5.99723e-06	7.54255e-06	9.45071e-06	5.13437e-06	7.04658e-06	6.91456e-06	8.94814e-06	6.96917e-06	6.52489e-06	9.66786e-06	6.54921e-06	1.27469e-05	1.79398e-05	9.36815e-06	1.39334e-05	1.43721e-05	1.37853e-05	1.83226e-05	1.45492e-05	1.71452e-05	9.6348e-06	2.00587e-05	5.73974e-06	0	0	0	0	0	0	0	0	0	0	0	0	0	0	0	0	0	0	0	0	0	0	0	0	0	0	0	0	0	0	0	0	0	0	0	0	0	0	0	0	0	0	0	0	0	0	0	0	0	0	0	0	0	0	0	0	0	0	0	0	0	0	0
d1_55	0	0	0	0	9.41719e-08	8.73088e-08	4.12416e-07	3.72241e-07	4.81952e-07	1.97901e-06	1.28024e-06	2.39429e-06	1.93406e-06	2.38616e-06	2.01022e-06	3.16205e-06	3.34734e-06	3.93551e-06	3.22848e-06	5.38369e-06	5.51534e-06	5.78454e-06	5.38747e-06	8.04802e-06	5.35302e-06	6.39167e-06	9.95707e-06	9.46237e-06	8.59403e-06	5.7977e-06	9.83327e-06	1.08944e-05	8.6429e-06	1.0712e-05	1.33474e-05	1.38826e-05	1.36165e-05	1.19708e-05	1.52366e-05	1.16837e-05	5.41305e-06	0	0	0	0	0	0	0	0	0	0	0	0	0	0	0	0	0	0	0	0	0	0	0	0	0	0	0	0	0	0	0	0	0	0	0	0	0	0	0	0	0	0	0	0	0	0	0	0	0	0	0	0	0	0	0	0	0	0	0	0	0	0	0	0
d1_56	0	0	0	0	0	0	2.94653e-07	2.61886e-07	2.62404e-07	4.2078e-07	1.05917e-06	8.81951e-07	2.33019e-06	1.87727e-06	1.98743e-06	3.68327e-06	2.38399e-06	3.80945e-06	3.51585e-06	5.12006e-06	4.38184e-06	5.17686e-06	4.97136e-06	6.46744e-06	4.66731e-06	1.07082e-05	7.98598e-06	7.15995e-06	9.12952e-06	1.13056e-05	1.1751e-05	6.61864e-06	7.88103e-06	1.39976e-05	9.9373e-06	7.2194e-06	1.21137e-05	1.22439e-05	9.51669e-06	6.16139e-06	0	0	0	0	0	0	0	0	0	0	0	0	0	0	0	0	0	0	0	0	0	0	0	0	0	0	0	0	0	0	0	0	0	0	0	0	0	0	0	0	0	0	0	0	0	0	0	0	0	0	0	0	0	0	0	0	0	0	0	0	0	0	0	0	0
d1_57	0	0	0	0	2.9002e-07	0	1.42685e-08	3.54842e-07	1.71249e-07	5.57973e-07	9.07842e-07	7.49912e-07	1.89962e-06	1.21426e-06	1.70203e-06	2.84827e-06	5.09143e-06	4.31985e-06	4.16389e-06	6.01327e-06	3.79658e-06	4.2853e-06	3.37887e-06	6.18303e-06	6.77573e-06	5.78805e-06	6.87272e-06	7.12773e-06	4.82809e-06	8.059e-06	1.44123e-05	7.77062e-06	9.12402e-06	1.05518e-05	5.50564e-06	1.01784e-05	1.31453e-05	1.94784e-05	6.24608e-06	0	0	0	0	0	0	0	0	0	0	0	0	0	0	0	0	0	0	0	0	0	0	0	0	0	0	0	0	0	0	0	0	0	0	0	0	0	0	0	0	0	0	0	0	0	0	0	0	0	0	0	0	0	0	0	0	0	0	0	0	0	0	0	0	0	0
d1_58	0	0	0	0	0	0	8.56483e-08	1.51809e-07	5.05056e-07	3.18434e-07	7.73276e-07	6.40976e-07	3.38857e-07	1.74159e-06	1.19608e-06	2.27604e-06	1.52087e-06	3.32051e-06	6.84103e-06	4.38814e-06	3.2879e-06	2.61322e-06	4.79795e-06	5.51709e-06	5.27981e-06	6.82008e-06	4.11905e-06	4.12231e-06	9.01878e-06	8.64208e-06	9.61608e-06	7.42854e-06	1.1747e-05	9.01918e-06	1.14162e-05	1.40459e-05	1.08508e-05	7.01889e-06	0	0	0	0	0	0	0	0	0	0	0	0	0	0	0	0	0	0	0	0	0	0	0	0	0	0	0	0	0	0	0	0	0	0	0	0	0	0	0	0	0	0	0	0	0	0	0	0	0	0	0	0	0	0	0	0	0	0	0	0	0	0	0	0	0	0	0
d1_59	0	0	0	0	0	9.80957e-09	8.3603e-08	4.03594e-08	2.12637e-07	1.1545e-06	5.77771e-07	4.90252e-07	1.69499e-06	1.33182e-06	1.15444e-06	3.44619e-06	1.96311e-06	1.48599e-06	1.89008e-06	2.71495e-06	3.44231e-06	4.30643e-06	2.93787e-06	3.89236e-06	4.7933e-06	5.34483e-06	6.1463e-06	9.00429e-06	5.25286e-06	9.12198e-06	8.2274e-06	9.36776e-06	7.49458e-06	6.51137e-06	6.88405e-06	8.96957e-06	6.63382e-06	0	0	0	0	0	0	0	0	0	0	0	0	0	0	0	0	0	0	0	0	0	0	0	0	0	0	0	0	0	0	0	0	0	0	0	0	0	0	0	0	0	0	0	0	0	0	0	0	0	0	0	0	0	0	0	0	0	0	0	0	0	0	0	0	0	0	0	0
d1_60	0	0	0	0	0	0	1.26703e-07	4.66684e-07	1.03981e-07	6.96996e-09	1.91565e-07	4.97242e-07	1.69396e-06	5.15158e-07	1.19287e-06	3.78041e-06	1.62476e-06	1.90167e-06	1.16771e-06	2.97362e-06	3.12971e-06	3.70494e-06	4.48613e-06	3.45107e-06	3.69382e-06	4.66698e-06	3.79373e-06	3.40248e-06	6.29936e-06	4.89973e-06	5.96753e-06	6.52e-06	8.14697e-06	9.55262e-06	9.27683e-06	4.62076e-06	0	0	0	0	0	0	0	0	0	0	0	0	0	0	0	0	0	0	0	0	0	0	0	0	0	0	0	0	0	0	0	0	0	0	0	0	0	0	0	0	0	0	0	0	0	0	0	0	0	0	0	0	0	0	0	0	0	0	0	0	0	0	0	0	0	0	0	0	0
d1_61	0	0	0	0	0	0	0	1.30027e-07	7.8508e-08	4.29639e-07	9.80254e-07	4.05629e-07	3.14751e-07	1.16218e-07	1.22819e-06	1.06681e-06	4.4817e-07	1.52669e-06	1.17188e-06	2.0605e-06	4.92756e-06	3.38702e-06	2.92941e-06	2.41516e-06	3.10677e-06	3.802e-06	1.92709e-06	5.26765e-06	5.66675e-06	6.2512e-06	4.66095e-06	5.19849e-06	7.61951e-06	6.87877e-06	3.86094e-06	0	0	0	0	0	0	0	0	0	0	0	0	0	0	0	0	0	0	0	0	0	0	0	0	0	0	0	0	0	0	0	0	0	0	0	0	0	0	0	0	0	0	0	0	0	0	0	0	0	0	0	0	0	0	0	0	0	0	0	0	0	0	0	0	0	0	0	0	0	0
d1_62	0	0	0	0	0	0	2.4078e-08	5.29717e-08	4.08463e-09	8.82862e-08	3.5903e-07	6.02639e-07	7.13544e-07	7.7818e-07	1.09495e-06	5.84645e-07	3.18845e-06	2.95942e-06	2.285e-06	2.58608e-06	3.49533e-06	1.49466e-06	5.20177e-06	5.66971e-06	3.77313e-06	4.97297e-06	2.81477e-06	5.82044e-06	5.83298e-06	6.12657e-06	4.87746e-06	5.87384e-06	6.21555e-06	3.22692e-06	0	0	0	0	0	0	0	0	0	0	0	0	0	0	0	0	0	0	0	0	0	0	0	0	0	0	0	0	0	0	0	0	0	0	0	0	0	0	0	0	0	0	0	0	0	0	0	0	0	0	0	0	0	0	0	0	0	0	0	0	0	0	0	0	0	0	0	0	0	0	0
d1_63	0	0	0	0	0	0	2.11844e-08	0	1.55261e-07	8.9127e-08	1.78801e-07	2.11901e-07	5.44774e-08	1.031e-06	1.36412e-06	3.00506e-07	9.30416e-07	1.79203e-06	1.59956e-06	3.60671e-06	3.86514e-06	3.33305e-06	1.86778e-06	2.22985e-06	2.60538e-06	1.47176e-06	5.51708e-06	3.30768e-06	5.20856e-06	7.38607e-06	3.61689e-06	3.93405e-06	4.49132e-06	0	0	0	0	0	0	0	0	0	0	0	0	0	0	0	0	0	0	0	0	0	0	0	0	0	0	0	0	0	0	0	0	0	0	0	0	0	0	0	0	0	0	0	0	0	0	0	0	0	0	0	0	0	0	0	0	0	0	0	0	0	0	0	0	0	0	0	0	0	0	0	0
d1_64	0	0	0	0	0	0	4.30115e-08	0	2.94287e-08	4.90479e-09	0	3.7509e-07	3.15698e-07	1.771e-07	1.19453e-06	2.87608e-07	8.44408e-07	1.13842e-07	1.55969e-06	4.10951e-07	4.55784e-07	1.81693e-06	2.33956e-06	3.16249e-06	2.21861e-06	1.96212e-06	6.49145e-06	2.74444e-06	2.57201e-06	6.37725e-06	3.46808e-06	3.70248e-06	0	0	0	0	0	0	0	0	0	0	0	0	0	0	0	0	0	0	0	0	0	0	0	0	0	0	0	0	0	0	0	0	0	0	0	0	0	0	0	0	0	0	0	0	0	0	0	0	0	0	0	0	0	0	0	0	0	0	0	0	0	0	0	0	0	0	0	0	0	0	0	0	0
d1_65	0	0	0	0	0	0	0	0	0	9.98328e-09	0	1.77662e-07	2.36428e-07	1.17364e-06	2.43911e-07	2.2904e-07	4.28615e-07	1.07528e-07	2.10632e-07	3.39181e-07	1.18358e-06	7.05143e-07	5.18324e-07	3.85914e-06	2.62743e-06	2.04758e-06	3.06414e-06	2.89214e-06	1.70434e-06	3.83757e-06	3.45243e-06	0	0	0	0	0	0	0	0	0	0	0	0	0	0	0	0	0	0	0	0	0	0	0	0	0	0	0	0	0	0	0	0	0	0	0	0	0	0	0	0	0	0	0	0	0	0	0	0	0	0	0	0	0	0	0	0	0	0	0	0	0	0	0	0	0	0	0	0	0	0	0	0	0	0
d1_66	0	0	0	0	0	0	0	0	0	1.47144e-07	0	3.43335e-08	2.26608e-07	1.63465e-07	5.78505e-07	1.03069e-06	3.75475e-07	3.77758e-07	9.65927e-07	5.17946e-07	8.10924e-07	2.47143e-06	4.27903e-07	3.0592e-06	5.67528e-07	1.48018e-06	2.52335e-06	1.69609e-06	3.33958e-06	2.34686e-06	0	0	0	0	0	0	0	0	0	0	0	0	0	0	0	0	0	0	0	0	0	0	0	0	0	0	0	0	0	0	0	0	0	0	0	0	0	0	0	0	0	0	0	0	0	0	0	0	0	0	0	0	0	0	0	0	0	0	0	0	0	0	0	0	0	0	0	0	0	0	0	0	0	0	0
d1_67	0	0	0	0	0	0	0	0	0	0	0	2.94287e-08	2.07229e-07	6.97881e-08	8.7999e-08	1.34571e-07	1.95631e-07	8.32412e-08	4.6864e-07	7.62546e-07	1.50106e-07	1.43833e-06	2.4796e-06	1.80746e-06	1.0737e-06	1.56833e-06	1.63556e-06	1.40468e-06	1.03124e-06	0	0	0	0	0	0	0	0	0	0	0	0	0	0	0	0	0	0	0	0	0	0	0	0	0	0	0	0	0	0	0	0	0	0	0	0	0	0	0	0	0	0	0	0	0	0	0	0	0	0	0	0	0	0	0	0	0	0	0	0	0	0	0	0	0	0	0	0	0	0	0	0	0	0	0	0
d1_68	0	0	0	0	0	0	0	0	0	0	2.35669e-08	0	9.41719e-07	8.82862e-08	0	1.06041e-06	1.10387e-06	2.77471e-07	1.08531e-06	4.30386e-07	1.25144e-06	1.40016e-06	1.25025e-06	5.92193e-07	2.29041e-06	5.46533e-07	2.11134e-06	2.18934e-06	0	0	0	0	0	0	0	0	0	0	0	0	0	0	0	0	0	0	0	0	0	0	0	0	0	0	0	0	0	0	0	0	0	0	0	0	0	0	0	0	0	0	0	0	0	0	0	0	0	0	0	0	0	0	0	0	0	0	0	0	0	0	0	0	0	0	0	0	0	0	0	0	0	0	0	0	0
d1_69	0	0	0	0	0	0	0	0	0	0	0	8.24004e-07	6.86116e-08	5.35068e-08	4.18325e-07	2.58106e-07	9.47756e-08	1.18785e-07	6.24106e-07	1.30943e-07	1.10905e-07	3.49324e-07	3.87618e-07	6.63127e-07	1.7302e-06	2.79124e-06	9.5114e-07	0	0	0	0	0	0	0	0	0	0	0	0	0	0	0	0	0	0	0	0	0	0	0	0	0	0	0	0	0	0	0	0	0	0	0	0	0	0	0	0	0	0	0	0	0	0	0	0	0	0	0	0	0	0	0	0	0	0	0	0	0	0	0	0	0	0	0	0	0	0	0	0	0	0	0	0	0	0
d1_70	0	0	0	0	0	0	0	0	0	0	0	9.41719e-08	0	6.37503e-08	0	7.59093e-08	6.0682e-08	1.12964e-06	9.80957e-08	3.38604e-07	2.60349e-07	1.16755e-06	1.40884e-06	8.13586e-07	1.05943e-06	2.77318e-07	0	0	0	0	0	0	0	0	0	0	0	0	0	0	0	0	0	0	0	0	0	0	0	0	0	0	0	0	0	0	0	0	0	0	0	0	0	0	0	0	0	0	0	0	0	0	0	0	0	0	0	0	0	0	0	0	0	0	0	0	0	0	0	0	0	0	0	0	0	0	0	0	0	0	0	0	0	0	0
d1_71	0	0	0	0	0	0	0	0	0	0	0	0	5.1113e-08	8.08334e-08	2.30079e-07	9.28137e-08	2.30086e-07	4.12207e-07	3.85585e-07	1.06784e-07	2.29344e-07	6.70975e-07	3.11326e-07	1.14912e-07	1.89885e-07	0	0	0	0	0	0	0	0	0	0	0	0	0	0	0	0	0	0	0	0	0	0	0	0	0	0	0	0	0	0	0	0	0	0	0	0	0	0	0	0	0	0	0	0	0	0	0	0	0	0	0	0	0	0	0	0	0	0	0	0	0	0	0	0	0	0	0	0	0	0	0	0	0	0	0	0	0	0	0	0
d1_72	0	0	0	0	0	0	0	0	0	0	0	0	2.09907e-07	2.4078e-08	0	0	1.50442e-07	6.39024e-08	7.69414e-08	1.28646e-07	0	3.13594e-07	5.83224e-08	9.38356e-07	0	0	0	0	0	0	0	0	0	0	0	0	0	0	0	0	0	0	0	0	0	0	0	0	0	0	0	0	0	0	0	0	0	0	0	0	0	0	0	0	0	0	0	0	0	0	0	0	0	0	0	0	0	0	0	0	0	0	0	0	0	0	0	0	0	0	0	0	0	0	0	0	0	0	0	0	0	0	0	0	0
d1_73	0	0	0	0	0	0	0	0	0	0	0	0	1.42685e-08	1.17715e-07	3.246e-07	1.53224e-07	0	1.8796e-08	2.68545e-07	3.00688e-08	4.20674e-07	1.35372e-07	2.17773e-07	0	0	0	0	0	0	0	0	0	0	0	0	0	0	0	0	0	0	0	0	0	0	0	0	0	0	0	0	0	0	0	0	0	0	0	0	0	0	0	0	0	0	0	0	0	0	0	0	0	0	0	0	0	0	0	0	0	0	0	0	0	0	0	0	0	0	0	0	0	0	0	0	0	0	0	0	0	0	0	0	0	0
d1_74	0	0	0	0	0	0	0	0	0	0	0	0	8.70389e-08	5.29717e-08	0	3.69961e-07	3.38301e-07	3.66904e-08	5.88574e-08	8.40821e-07	1.34531e-07	4.41431e-07	0	0	0	0	0	0	0	0	0	0	0	0	0	0	0	0	0	0	0	0	0	0	0	0	0	0	0	0	0	0	0	0	0	0	0	0	0	0	0	0	0	0	0	0	0	0	0	0	0	0	0	0	0	0	0	0	0	0	0	0	0	0	0	0	0	0	0	0	0	0	0	0	0	0	0	0	0	0	0	0	0	0	0
d1_75	0	0	0	0	0	0	0	0	0	0	0	0	8.18843e-08	0	3.81615e-08	0	0	0	0	5.88574e-08	9.68473e-08	0	0	0	0	0	0	0	0	0	0	0	0	0	0	0	0	0	0	0	0	0	0	0	0	0	0	0	0	0	0	0	0	0	0	0	0	0	0	0	0	0	0	0	0	0	0	0	0	0	0	0	0	0	0	0	0	0	0	0	0	0	0	0	0	0	0	0	0	0	0	0	0	0	0	0	0	0	0	0	0	0	0	0	0
d1_76	0	0	0	0	0	0	0	0	0	0	0	0	9.58536e-07	7.84766e-09	0	9.80957e-09	1.26123e-08	0	0	0	0	0	0	0	0	0	0	0	0	0	0	0	0	0	0	0	0	0	0	0	0	0	0	0	0	0	0	0	0	0	0	0	0	0	0	0	0	0	0	0	0	0	0	0	0	0	0	0	0	0	0	0	0	0	0	0	0	0	0	0	0	0	0	0	0	0	0	0	0	0	0	0	0	0	0	0	0	0	0	0	0	0	0	0	0
d1_77	0	0	0	0	0	0	0	0	0	0	0	0	0	0	0	0	0	0	5.88574e-08	0	0	0	0	0	0	0	0	0	0	0	0	0	0	0	0	0	0	0	0	0	0	0	0	0	0	0	0	0	0	0	0	0	0	0	0	0	0	0	0	0	0	0	0	0	0	0	0	0	0	0	0	0	0	0	0	0	0	0	0	0	0	0	0	0	0	0	0	0	0	0	0	0	0	0	0	0	0	0	0	0	0	0	0	0	0
d1_78	0	0	0	0	0	0	0	0	0	0	0	0	0	0	0	0	0	0	0	0	0	0	0	0	0	0	0	0	0	0	0	0	0	0	0	0	0	0	0	0	0	0	0	0	0	0	0	0	0	0	0	0	0	0	0	0	0	0	0	0	0	0	0	0	0	0	0	0	0	0	0	0	0	0	0	0	0	0	0	0	0	0	0	0	0	0	0	0	0	0	0	0	0	0	0	0	0	0	0	0	0	0	0	0	0
d1_79	0	0	0	0	0	0	0	0	0	0	0	0	0	0	0	0	0	0	0	0	0	0	0	0	0	0	0	0	0	0	0	0	0	0	0	0	0	0	0	0	0	0	0	0	0	0	0	0	0	0	0	0	0	0	0	0	0	0	0	0	0	0	0	0	0	0	0	0	0	0	0	0	0	0	0	0	0	0	0	0	0	0	0	0	0	0	0	0	0	0	0	0	0	0	0	0	0	0	0	0	0	0	0	0	0
d1_80	0	0	0	0	0	0	0	0	0	0	0	0	0	0	0	0	0	0	0	0	0	0	0	0	0	0	0	0	0	0	0	0	0	0	0	0	0	0	0	0	0	0	0	0	0	0	0	0	0	0	0	0	0	0	0	0	0	0	0	0	0	0	0	0	0	0	0	0	0	0	0	0	0	0	0	0	0	0	0	0	0	0	0	0	0	0	0	0	0	0	0	0	0	0	0	0	0	0	0	0	0	0	0	0	0
d1_81	0	0	0	0	0	0	0	0	0	0	0	0	0	0	0	0	0	0	0	0	0	0	0	0	0	0	0	0	0	0	0	0	0	0	0	0	0	0	0	0	0	0	0	0	0	0	0	0	0	0	0	0	0	0	0	0	0	0	0	0	0	0	0	0	0	0	0	0	0	0	0	0	0	0	0	0	0	0	0	0	0	0	0	0	0	0	0	0	0	0	0	0	0	0	0	0	0	0	0	0	0	0	0	0	0
d1_82	0	0	0	0	0	0	0	0	0	0	0	0	0	0	0	0	0	0	0	0	0	0	0	0	0	0	0	0	0	0	0	0	0	0	0	0	0	0	0	0	0	0	0	0	0	0	0	0	0	0	0	0	0	0	0	0	0	0	0	0	0	0	0	0	0	0	0	0	0	0	0	0	0	0	0	0	0	0	0	0	0	0	0	0	0	0	0	0	0	0	0	0	0	0	0	0	0	0	0	0	0	0	0	0	0
d1_83	0	0	0	0	0	0	0	0	0	0	0	0	0	0	0	0	0	0	0	0	0	0	0	0	0	0	0	0	0	0	0	0	0	0	0	0	0	0	0	0	0	0	0	0	0	0	0	0	0	0	0	0	0	0	0	0	0	0	0	0	0	0	0	0	0	0	0	0	0	0	0	0	0	0	0	0	0	0	0	0	0	0	0	0	0	0	0	0	0	0	0	0	0	0	0	0	0	0	0	0	0	0	0	0	0
d1_84	0	0	0	0	0	0	0	0	0	0	0	0	0	0	0	0	0	0	0	0	0	0	0	0	0	0	0	0	0	0	0	0	0	0	0	0	0	0	0	0	0	0	0	0	0	0	0	0	0	0	0	0	0	0	0	0	0	0	0	0	0	0	0	0	0	0	0	0	0	0	0	0	0	0	0	0	0	0	0	0	0	0	0	0	0	0	0	0	0	0	0	0	0	0	0	0	0	0	0	0	0	0	0	0	0
d1_85	0	0	0	0	0	0	0	0	0	0	0	0	0	0	0	0	0	0	0	0	0	0	0	0	0	0	0	0	0	0	0	0	0	0	0	0	0	0	0	0	0	0	0	0	0	0	0	0	0	0	0	0	0	0	0	0	0	0	0	0	0	0	0	0	0	0	0	0	0	0	0	0	0	0	0	0	0	0	0	0	0	0	0	0	0	0	0	0	0	0	0	0	0	0	0	0	0	0	0	0	0	0	0	0	0
d1_86	0	0	0	0	0	0	0	0	0	0	0	0	0	0	0	0	0	0	0	0	0	0	0	0	0	0	0	0	0	0	0	0	0	0	0	0	0	0	0	0	0	0	0	0	0	0	0	0	0	0	0	0	0	0	0	0	0	0	0	0	0	0	0	0	0	0	0	0	0	0	0	0	0	0	0	0	0	0	0	0	0	0	0	0	0	0	0	0	0	0	0	0	0	0	0	0	0	0	0	0	0	0	0	0	0
