	d0_0	d0_1	d0_2	d0_3	d0_4	d0_5	d0_6	d0_7	d0_8	d0_9	d0_10	d0_11	d0_12	d0_13	d0_14	d0_15	d0_16	d0_17	d0_18	d0_19	d0_20	d0_21	d0_22
d1_0	0	0.0622441	0.0249832	0.0125666	0.0070042	0.00409466	0.00247677	0.0015398	0.000909353	0.000570232	0.000333922	0.000193607	9.56605e-05	7.42463e-05	4.13868e-05	2.05514e-05	1.12685e-05	4.82644e-06	2.40534e-06	5.59941e-07	5.17084e-07	0	0
d1_1	0.321502	0.0177777	0.0103301	0.00658119	0.00443962	0.00307003	0.00213986	0.00153452	0.00100237	0.000710503	0.00044632	0.000319831	0.00022957	0.00012164	9.72927e-05	4.19437e-05	2.99605e-05	1.66109e-05	1.1008e-05	3.90988e-06	1.55778e-06	3.92336e-07	0
d1_2	0.115951	0.0118523	0.00724547	0.00485654	0.00351511	0.00251215	0.00186982	0.00147494	0.00101072	0.000770086	0.000536879	0.000380911	0.000262707	0.000181569	0.000121887	7.44676e-05	4.46568e-05	2.42801e-05	1.7923e-05	4.78301e-06	3.56029e-06	1.73267e-06	1.13781e-07
d1_3	0.0552315	0.008398	0.00538384	0.0037767	0.00294819	0.00223429	0.00170541	0.0013127	0.000957041	0.000779695	0.000581824	0.000405881	0.000310654	0.000192367	0.000143118	8.74497e-05	7.07101e-05	3.395e-05	1.94226e-05	1.06311e-05	6.96562e-06	4.63596e-06	1.26168e-06
d1_4	0.0298249	0.00615657	0.00417177	0.00305715	0.00233714	0.00191117	0.00144263	0.00115442	0.00094904	0.000733736	0.000571167	0.000425216	0.000360703	0.000241418	0.00016355	0.000127798	7.79141e-05	4.63071e-05	3.75484e-05	2.13639e-05	9.9668e-06	3.10471e-06	2.4399e-07
d1_5	0.017421	0.00462866	0.00333026	0.00253991	0.00199096	0.00163963	0.00133601	0.00112576	0.000894859	0.000744814	0.000569324	0.000433223	0.000348024	0.000259774	0.000193499	0.000139309	0.000105878	7.20313e-05	4.22602e-05	2.11274e-05	1.53419e-05	5.28547e-06	1.11339e-06
d1_6	0.0107538	0.00353747	0.00255542	0.00198411	0.00174741	0.00143794	0.00127422	0.00107335	0.000854355	0.000706441	0.000537899	0.000474725	0.000352008	0.000287085	0.000241203	0.000149269	0.000125967	7.73597e-05	5.17566e-05	3.9961e-05	1.81745e-05	1.06055e-05	6.45054e-07
d1_7	0.00675403	0.00270043	0.00211836	0.00172933	0.00148219	0.00127802	0.00114299	0.000985386	0.000815085	0.000684734	0.000582232	0.000503047	0.000362007	0.000283306	0.000202782	0.000188721	0.000128243	9.22904e-05	6.23931e-05	3.68377e-05	1.46508e-05	1.25273e-05	4.20867e-06
d1_8	0.00445677	0.00202599	0.00166632	0.00148028	0.00123563	0.00109124	0.000991645	0.00089119	0.000763303	0.000638104	0.000602261	0.000511194	0.000367887	0.000333973	0.000268053	0.000192243	0.000169937	0.000115675	6.26459e-05	5.50384e-05	3.541e-05	1.37189e-05	2.18233e-06
d1_9	0.0031075	0.00178525	0.0014711	0.00130077	0.00109812	0.00105064	0.000883685	0.000837841	0.000748966	0.000630277	0.000556003	0.000538884	0.000427159	0.000345973	0.000280492	0.000196479	0.000174902	0.000115213	7.14913e-05	6.44339e-05	3.66858e-05	1.17654e-05	0
d1_10	0.00212312	0.0013111	0.00120087	0.00104234	0.000981414	0.00101116	0.00088078	0.000821766	0.000743405	0.000635022	0.000591797	0.000498881	0.000443788	0.000346657	0.000296227	0.0002284	0.00019277	0.000152011	8.46382e-05	7.42422e-05	2.64801e-05	0	0
d1_11	0.0015155	0.00106768	0.000995099	0.000915376	0.000904491	0.000850691	0.000844244	0.000716257	0.000672627	0.000609761	0.000585797	0.000501139	0.000459139	0.000380405	0.000319354	0.000298249	0.000209144	0.000169642	0.00011102	3.94091e-05	0	0	0
d1_12	0.00108199	0.00083193	0.000858434	0.000880481	0.000795047	0.000809781	0.000758382	0.000741768	0.00066866	0.000615052	0.000606199	0.000527083	0.000413639	0.000399762	0.000315704	0.000276527	0.000233806	0.000197634	6.66914e-05	0	0	0	0
d1_13	0.00077602	0.000623667	0.000685913	0.000736384	0.000742663	0.000716281	0.000687059	0.000686989	0.000670237	0.000598283	0.000528276	0.00045989	0.000484077	0.000464672	0.000371458	0.000294021	0.000250201	9.80784e-05	0	0	0	0	0
d1_14	0.000591526	0.000623721	0.000599225	0.000596506	0.000649319	0.000650007	0.00062804	0.000673548	0.000635485	0.000608751	0.000514804	0.000512894	0.000452435	0.000421431	0.000362886	0.000359802	0.000148704	0	0	0	0	0	0
d1_15	0.000448	0.000460957	0.000559262	0.000550143	0.00061538	0.000567595	0.000630892	0.000612462	0.000603051	0.000557771	0.000572019	0.000514131	0.000492704	0.000426637	0.000430626	0.0001941	0	0	0	0	0	0	0
d1_16	0.000339187	0.000365324	0.000437541	0.000481176	0.000529776	0.000559192	0.000584363	0.000568552	0.000627593	0.00055048	0.000522657	0.000536874	0.000515644	0.000471434	0.000208848	0	0	0	0	0	0	0	0
d1_17	0.000268537	0.000289184	0.000346654	0.000377693	0.000414819	0.000500195	0.000553871	0.000534974	0.000537712	0.00056201	0.000572642	0.00051726	0.000535755	0.000263775	0	0	0	0	0	0	0	0	0
d1_18	0.000196426	0.000236278	0.000308852	0.000383879	0.000425577	0.000469041	0.0004825	0.000516468	0.000536008	0.000554558	0.000522948	0.000527184	0.000262028	0	0	0	0	0	0	0	0	0	0
d1_19	0.000134357	0.00019493	0.000269378	0.00026536	0.000386729	0.000428848	0.000472189	0.000476495	0.000516546	0.000530028	0.000533757	0.000273308	0	0	0	0	0	0	0	0	0	0	0
d1_20	0.00010346	0.000161378	0.000209767	0.000256931	0.000313886	0.000377857	0.000431495	0.000443933	0.000480788	0.000496742	0.000262028	0	0	0	0	0	0	0	0	0	0	0	0
d1_21	8.75724e-05	0.000127574	0.000168412	0.000224297	0.000297358	0.000317992	0.000339192	0.000441518	0.000495913	0.000263775	0	0	0	0	0	0	0	0	0	0	0	0	0
d1_22	5.92964e-05	0.000108405	0.000146346	0.000188522	0.000225358	0.000320845	0.00032687	0.000394545	0.000208848	0	0	0	0	0	0	0	0	0	0	0	0	0	0
d1_23	6.53697e-05	8.28026e-05	0.000120641	0.000169318	0.000207898	0.000337177	0.00028901	0.0001941	0	0	0	0	0	0	0	0	0	0	0	0	0	0	0
d1_24	3.55556e-05	6.24298e-05	9.12255e-05	0.000144385	0.000173859	0.000223471	0.000148704	0	0	0	0	0	0	0	0	0	0	0	0	0	0	0	0
d1_25	3.1475e-05	4.59611e-05	8.39637e-05	0.000109981	0.000162072	9.80784e-05	0	0	0	0	0	0	0	0	0	0	0	0	0	0	0	0	0
d1_26	3.32468e-05	4.22942e-05	6.95059e-05	0.000110185	6.66914e-05	0	0	0	0	0	0	0	0	0	0	0	0	0	0	0	0	0	0
d1_27	2.39545e-05	5.4981e-05	5.98029e-05	3.94091e-05	0	0	0	0	0	0	0	0	0	0	0	0	0	0	0	0	0	0	0
d1_28	7.01491e-06	1.50437e-05	2.64801e-05	0	0	0	0	0	0	0	0	0	0	0	0	0	0	0	0	0	0	0	0
d1_29	4.51429e-06	1.17654e-05	0	0	0	0	0	0	0	0	0	0	0	0	0	0	0	0	0	0	0	0	0
d1_30	2.18233e-06	0	0	0	0	0	0	0	0	0	0	0	0	0	0	0	0	0	0	0	0	0	0
d1_31	0	0	0	0	0	0	0	0	0	0	0	0	0	0	0	0	0	0	0	0	0	0	0
d1_32	0	0	0	0	0	0	0	0	0	0	0	0	0	0	0	0	0	0	0	0	0	0	0
d1_33	0	0	0	0	0	0	0	0	0	0	0	0	0	0	0	0	0	0	0	0	0	0	0
d1_34	0	0	0	0	0	0	0	0	0	0	0	0	0	0	0	0	0	0	0	0	0	0	0
d1_35	0	0	0	0	0	0	0	0	0	0	0	0	0	0	0	0	0	0	0	0	0	0	0
d1_36	0	0	0	0	0	0	0	0	0	0	0	0	0	0	0	0	0	0	0	0	0	0	0
d1_37	0	0	0	0	0	0	0	0	0	0	0	0	0	0	0	0	0	0	0	0	0	0	0
d1_38	0	0	0	0	0	0	0	0	0	0	0	0	0	0	0	0	0	0	0	0	0	0	0
