NANC	NPOP1	NPOP2	TDIV	TPROP	MIG12	MIG21	ISO	MaxEstLhood	MaxObsLhood
113730	919601	366532	122151	0.1338590	1.89851e-05	1.51433e-05	16351	-175861.073	-175807.758
116090	923169	363014	121175	0.1300144	1.92025e-05	1.60269e-05	15755	-176851.184	-176783.982
119747	904839	350935	120698	0.1352701	1.86190e-05	1.62134e-05	16327	-175437.638	-175374.654
121555	908411	358531	120095	0.1287187	2.02844e-05	1.61928e-05	15459	-175173.467	-175106.314
122282	920937	365477	118189	0.1269508	2.08278e-05	1.64326e-05	15004	-175416.130	-175351.412
120889	919156	355318	121606	0.1499650	1.78589e-05	1.50439e-05	18237	-176561.491	-176492.362
113408	941167	346976	122073	0.1608531	1.65995e-05	1.50842e-05	19636	-175375.181	-175315.690
116094	899863	357389	124350	0.1382180	1.90817e-05	1.50426e-05	17187	-175724.135	-175653.253
110090	922839	354889	127641	0.1307946	1.87858e-05	1.56894e-05	16695	-176750.349	-176685.268
111313	919979	350158	126699	0.1379232	1.80050e-05	1.58514e-05	17475	-176112.827	-176046.944
113288	930678	345566	127138	0.1287694	1.89908e-05	1.65081e-05	16371	-177322.134	-177260.032
122095	901690	368847	121267	0.1429808	1.81702e-05	1.52682e-05	17339	-176357.173	-176274.773
121218	924628	358893	120000	0.1455528	1.77828e-05	1.53965e-05	17466	-176310.653	-176242.176
118819	906872	344052	123785	0.1397443	1.85825e-05	1.61924e-05	17298	-176601.646	-176530.526
114573	913879	352821	122627	0.1363136	1.80809e-05	1.57268e-05	16716	-176031.961	-175959.731
114650	904631	355203	122076	0.1335520	1.92114e-05	1.61036e-05	16303	-175349.003	-175288.518
115629	928973	360202	120603	0.1495383	1.74162e-05	1.50861e-05	18035	-175137.332	-175074.129
112440	897617	362252	126065	0.1445299	1.81515e-05	1.50083e-05	18220	-176664.392	-176600.649
107977	902979	357469	128518	0.1389505	1.81967e-05	1.48759e-05	17858	-176755.304	-176697.581
112195	918353	356179	122722	0.1322767	1.89737e-05	1.62792e-05	16233	-175770.316	-175705.695
115018	898456	358903	124346	0.1437602	1.81323e-05	1.46391e-05	17876	-176809.929	-176742.973
111960	902360	358944	124931	0.1446468	1.74709e-05	1.51389e-05	18071	-176603.553	-176539.861
104032	922147	333684	126760	0.1466738	1.68673e-05	1.57487e-05	18592	-175453.678	-175387.170
113503	909389	355659	121823	0.1479180	1.79570e-05	1.49447e-05	18020	-174778.431	-174714.084
114872	920701	358997	123229	0.1571390	1.69660e-05	1.40354e-05	19364	-176747.511	-176679.170
118720	910073	341420	120463	0.1456745	1.73406e-05	1.62442e-05	17548	-174858.107	-174786.548
118392	930071	354168	121699	0.1436632	1.81088e-05	1.55708e-05	17484	-176013.285	-175954.752
111931	930798	337430	121926	0.1342492	1.77407e-05	1.70560e-05	16368	-175087.263	-175016.058
112982	915987	358616	125660	0.1386512	1.79337e-05	1.57777e-05	17423	-177153.678	-177094.918
113618	906521	352774	122569	0.1435798	1.75582e-05	1.49338e-05	17598	-176118.587	-176051.868
125061	932204	363202	122367	0.1363162	1.85705e-05	1.53522e-05	16681	-178135.777	-178053.774
115881	899396	367792	123277	0.1427519	1.90225e-05	1.46381e-05	17598	-176285.656	-176220.241
113391	926842	337037	122010	0.1421702	1.74533e-05	1.59809e-05	17346	-174789.040	-174717.711
118546	913537	357197	119924	0.1284050	1.97067e-05	1.56638e-05	15399	-175625.512	-175558.886
119727	931416	357190	119250	0.1429530	1.75890e-05	1.59138e-05	17047	-175926.579	-175845.656
119760	913814	361540	123134	0.1339621	1.89643e-05	1.50170e-05	16495	-177825.282	-177762.120
116374	914621	349779	120484	0.1384224	1.81771e-05	1.63468e-05	16678	-176286.467	-176232.622
113004	917009	344898	124328	0.1322541	1.85882e-05	1.58837e-05	16443	-175366.453	-175308.557
118225	924200	349824	120275	0.1448721	1.72837e-05	1.63183e-05	17425	-175864.018	-175790.528
115232	913489	360274	123072	0.1444277	1.77650e-05	1.53065e-05	17775	-177212.542	-177148.706
114000	918975	352420	123761	0.1429530	1.78171e-05	1.61219e-05	17692	-176170.696	-176108.046
115032	894028	358881	122149	0.1434836	1.83725e-05	1.51565e-05	17526	-176031.901	-175958.569
115845	909593	354259	123559	0.1517334	1.69669e-05	1.54546e-05	18748	-175311.330	-175242.129
115659	927086	341455	122058	0.1463526	1.72140e-05	1.59861e-05	17863	-175222.292	-175157.858
117722	927645	353441	123404	0.1360080	1.81093e-05	1.57741e-05	16784	-176571.762	-176509.450
114447	914580	356580	121906	0.1388370	1.86890e-05	1.52956e-05	16925	-175570.105	-175507.438
109451	912587	355783	124806	0.1380700	1.85310e-05	1.52437e-05	17232	-175567.149	-175511.625
117820	906435	362478	124355	0.1465636	1.81242e-05	1.44909e-05	18226	-177459.967	-177394.342
110613	926625	358135	122351	0.1365415	1.87021e-05	1.57933e-05	16706	-176178.449	-176114.243
113038	918585	344041	123283	0.1433681	1.78610e-05	1.60539e-05	17675	-175850.240	-175779.397
117525	910920	356598	121471	0.1531458	1.79114e-05	1.51200e-05	18603	-174969.868	-174907.746
122530	938526	357713	120005	0.1380598	1.75965e-05	1.53163e-05	16568	-176748.202	-176678.052
114182	921601	351385	122927	0.1337985	1.88959e-05	1.63387e-05	16447	-175757.087	-175703.452
118448	916482	353448	121020	0.1487415	1.78706e-05	1.52190e-05	18001	-175777.071	-175715.149
116181	894540	361212	124904	0.1461009	1.73086e-05	1.47212e-05	18249	-176351.343	-176280.378
116833	929377	356853	121681	0.1401716	1.81326e-05	1.56115e-05	17056	-176012.892	-175953.980
119587	904628	358806	120521	0.1453527	1.86129e-05	1.47480e-05	17518	-175972.113	-175902.124
113266	912928	333010	127653	0.1348471	1.77211e-05	1.66297e-05	17214	-175640.378	-175577.426
117747	935479	347295	123146	0.1491514	1.69891e-05	1.57403e-05	18367	-176361.641	-176303.868
117286	910866	354445	123348	0.1398169	1.84119e-05	1.56450e-05	17246	-175746.013	-175679.539
115150	924981	354366	123215	0.1327404	1.81132e-05	1.62583e-05	16356	-176630.152	-176568.750
120810	906408	353721	121707	0.1405432	1.80743e-05	1.59267e-05	17105	-176679.393	-176604.379
113798	918232	351966	123095	0.1405407	1.86272e-05	1.54749e-05	17300	-175188.614	-175132.717
113283	903822	354774	124458	0.1366053	1.86571e-05	1.50664e-05	17002	-175319.389	-175245.394
113915	909249	359293	126599	0.1356795	1.74863e-05	1.55193e-05	17177	-177430.269	-177370.177
116893	911367	374014	121973	0.1400022	1.93995e-05	1.46341e-05	17077	-176655.566	-176577.356
120195	905754	358345	122392	0.1429530	1.75886e-05	1.55465e-05	17496	-176309.820	-176245.786
118283	907265	358094	121853	0.1289048	1.94233e-05	1.62004e-05	15707	-175698.967	-175629.245
114814	920464	355910	120753	0.1406767	1.79797e-05	1.55783e-05	16987	-175113.249	-175045.836
116349	924796	351615	123338	0.1455285	1.73032e-05	1.50117e-05	17949	-176525.310	-176456.484
112494	915997	351018	127133	0.1427244	1.75172e-05	1.51508e-05	18145	-175675.202	-175610.544
109611	902014	356593	125483	0.1405843	1.76621e-05	1.56978e-05	17641	-175799.990	-175740.842
117734	936424	343966	121700	0.1411301	1.77498e-05	1.67477e-05	17176	-176003.135	-175941.861
118506	921012	354308	121319	0.1331708	1.88214e-05	1.55057e-05	16156	-175999.522	-175935.168
114381	896441	361626	123011	0.1457610	1.79409e-05	1.45912e-05	17930	-176078.125	-176005.679
111830	908678	368652	119027	0.1357821	1.95003e-05	1.52302e-05	16162	-175116.379	-175039.715
116903	904739	358211	119913	0.1484364	1.77454e-05	1.50669e-05	17800	-175102.749	-175037.842
113085	933355	339192	122975	0.1427979	1.71562e-05	1.62329e-05	17561	-175993.317	-175925.227
113886	931270	350399	121323	0.1363300	1.82574e-05	1.60405e-05	16540	-176569.677	-176503.011
124660	903021	355907	120546	0.1424309	1.89241e-05	1.50589e-05	17169	-176367.706	-176301.061
115222	941662	345655	122068	0.1369577	1.73530e-05	1.67076e-05	16718	-176215.638	-176152.549
122366	912647	360459	122271	0.1505201	1.79357e-05	1.45047e-05	18404	-175959.850	-175894.640
115242	920114	371624	121105	0.1483943	1.76015e-05	1.44876e-05	17971	-176707.894	-176642.906
119312	912986	358151	122889	0.1404725	1.79390e-05	1.57282e-05	17263	-176918.414	-176849.018
116833	906011	351609	120489	0.1401716	1.80822e-05	1.58444e-05	16889	-175733.323	-175665.379
113187	933663	336877	122934	0.1331819	1.72645e-05	1.68498e-05	16373	-175616.880	-175552.560
114240	905490	353002	123073	0.1461635	1.75398e-05	1.52758e-05	17989	-175906.016	-175844.362
116287	908912	354708	121741	0.1511085	1.72136e-05	1.50497e-05	18396	-174923.158	-174841.016
113537	921435	355876	124370	0.1371241	1.81072e-05	1.53484e-05	17054	-176948.473	-176875.848
116389	909044	355015	121852	0.1343153	1.85172e-05	1.61225e-05	16367	-176467.182	-176400.248
116578	917691	344989	123977	0.1309592	1.85252e-05	1.59495e-05	16236	-176721.556	-176648.483
115714	933153	349191	121404	0.1487595	1.72224e-05	1.48893e-05	18060	-175801.927	-175730.523
117564	916304	359262	122157	0.1417321	1.85425e-05	1.50407e-05	17314	-176606.609	-176533.305
113053	911048	349574	124492	0.1411933	1.77598e-05	1.54760e-05	17577	-176156.840	-176091.014
109606	899453	346292	126175	0.1332380	1.88620e-05	1.56313e-05	16811	-175656.955	-175587.844
118220	906672	352625	122104	0.1360641	1.95368e-05	1.51770e-05	16614	-175468.225	-175415.422
115254	899810	362060	125610	0.1481439	1.70245e-05	1.46441e-05	18608	-176737.194	-176664.469
111303	920775	347401	124927	0.1347435	1.82968e-05	1.60335e-05	16833	-175198.558	-175142.629
111667	904815	353588	121698	0.1347435	1.94947e-05	1.61479e-05	16398	-174073.004	-173992.832
117798	915179	343716	122131	0.1505331	1.72326e-05	1.55178e-05	18385	-175276.755	-175209.210
