NANC	NPOP1	NPOP2	TDIV	TPROP	MIG12	MIG21	ISO	MaxEstLhood	MaxObsLhood
107507	1139486	91318	194551	0.0256466	1.70276e-05	1.52769e-05	4990	-138924.155	-138848.175
104997	1125192	91215	192259	0.0289849	1.71029e-05	1.69834e-05	5573	-140493.452	-140420.441
99984	1139002	94769	201625	0.0233308	1.66874e-05	1.33179e-05	4704	-139878.022	-139811.866
105914	1103132	91890	189025	0.0266746	1.61451e-05	1.54020e-05	5042	-140548.147	-140481.113
97845	1125619	82863	193188	0.0258579	1.62053e-05	1.89246e-05	4995	-140084.916	-140000.422
98794	1103132	88740	195114	0.0300159	1.67011e-05	1.59915e-05	5857	-139000.961	-138923.106
95900	1110195	86393	200191	0.0255892	1.63999e-05	1.71341e-05	5123	-140024.504	-139938.605
103886	1103132	87822	182919	0.0272354	1.67059e-05	1.72454e-05	4982	-138965.518	-138881.469
96828	1105775	85988	190498	0.0275839	1.65112e-05	1.76683e-05	5255	-138972.755	-138901.553
99358	1148597	84343	191525	0.0242499	1.65191e-05	1.78463e-05	4644	-139192.782	-139107.779
103532	1118132	93691	183155	0.0277647	1.59117e-05	1.54624e-05	5085	-140542.203	-140465.053
97131	1133106	83172	203519	0.0240062	1.66838e-05	1.71815e-05	4886	-139931.636	-139846.186
103028	1131882	85341	184776	0.0286857	1.63458e-05	1.74598e-05	5300	-139523.953	-139437.946
108100	1114163	93425	181573	0.0235285	1.56042e-05	1.43810e-05	4272	-140465.781	-140384.700
100082	1122540	85385	190347	0.0274750	1.63814e-05	1.69925e-05	5230	-138896.122	-138830.717
101450	1103132	87104	182919	0.0282347	1.62262e-05	1.78070e-05	5165	-140119.622	-140032.555
108035	1103132	93962	178116	0.0237073	1.59045e-05	1.40761e-05	4223	-139591.176	-139503.805
98702	1114052	90385	186638	0.0266187	1.61709e-05	1.66406e-05	4968	-139887.956	-139801.345
103568	1115184	90521	185984	0.0258243	1.65254e-05	1.51887e-05	4803	-139409.689	-139334.835
103786	1140869	88938	187612	0.0269262	1.61533e-05	1.61698e-05	5052	-139972.482	-139902.198
110929	1125305	87549	175360	0.0292600	1.63998e-05	1.69836e-05	5131	-139757.852	-139667.936
96477	1136193	74658	180563	0.0265449	1.62088e-05	2.13883e-05	4793	-138325.779	-138232.519
103251	1116704	91876	200956	0.0204895	1.64793e-05	1.29468e-05	4117	-138615.695	-138526.412
105080	1117814	86440	189430	0.0239432	1.64817e-05	1.61552e-05	4536	-138368.770	-138296.604
106237	1103022	95163	190731	0.0246022	1.56578e-05	1.36050e-05	4692	-140350.330	-140277.424
88324	1105001	88691	200374	0.0298617	1.70951e-05	1.78897e-05	5983	-138671.660	-138598.445
102373	1132064	86695	186797	0.0245138	1.62790e-05	1.64865e-05	4579	-139647.666	-139561.593
101538	1132124	83415	189551	0.0254856	1.67030e-05	1.81566e-05	4831	-138778.268	-138696.076
102650	1127927	77679	183412	0.0272336	1.60742e-05	1.99742e-05	4995	-139254.331	-139173.849
95549	1134855	98199	195165	0.0265615	1.63723e-05	1.35142e-05	5184	-140010.054	-139927.223
96654	1114099	81205	186865	0.0325995	1.70306e-05	2.15435e-05	6092	-139956.277	-139879.882
108867	1114163	92312	190353	0.0274923	1.70625e-05	1.48240e-05	5233	-139131.836	-139052.182
107122	1139167	84999	180951	0.0282347	1.66558e-05	1.77589e-05	5109	-139083.978	-139015.106
113932	1132373	92327	167784	0.0311851	1.58302e-05	1.62954e-05	5232	-140603.469	-140510.537
91464	1141020	88118	200670	0.0241631	1.68297e-05	1.67361e-05	4849	-139509.040	-139442.354
109567	1130542	85574	166608	0.0335138	1.58737e-05	2.03622e-05	5584	-140088.540	-140021.100
99693	1110314	91249	199291	0.0250485	1.65930e-05	1.41867e-05	4992	-139051.148	-138970.767
103506	1120801	86048	182919	0.0283266	1.64426e-05	1.77496e-05	5181	-139458.825	-139392.657
100053	1092101	95331	187326	0.0297118	1.68747e-05	1.58870e-05	5566	-140010.302	-139922.808
106308	1114163	93810	187115	0.0292600	1.65405e-05	1.60635e-05	5475	-140554.764	-140476.760
96973	1125260	89559	189779	0.0298815	1.68617e-05	1.74683e-05	5671	-139028.691	-138953.848
97845	1124479	78510	190339	0.0305334	1.69813e-05	2.24347e-05	5812	-140689.226	-140607.514
110134	1103132	79856	180503	0.0282347	1.59650e-05	1.89657e-05	5096	-139150.957	-139061.814
113629	1129536	85815	181057	0.0276585	1.67879e-05	1.77969e-05	5008	-140121.794	-140028.560
100405	1120579	81939	187994	0.0256072	1.55772e-05	1.84647e-05	4814	-139948.744	-139869.511
103367	1103132	92076	182919	0.0258431	1.53044e-05	1.52107e-05	4727	-139773.434	-139685.776
108119	1126042	89959	184086	0.0242829	1.57549e-05	1.55692e-05	4470	-140594.528	-140511.406
102418	1144632	85498	186681	0.0291036	1.63323e-05	1.63922e-05	5433	-139832.873	-139752.529
97977	1131904	89317	193198	0.0223090	1.54154e-05	1.45174e-05	4310	-140731.639	-140651.189
106451	1109620	89456	175498	0.0307341	1.55546e-05	1.67560e-05	5394	-139545.456	-139466.248
90481	1102911	87119	204275	0.0240184	1.62154e-05	1.64024e-05	4906	-139677.524	-139607.949
97662	1120471	90206	197949	0.0253326	1.64426e-05	1.45314e-05	5015	-139782.872	-139695.197
108257	1125625	91982	180909	0.0286862	1.63721e-05	1.58459e-05	5190	-140039.520	-139964.959
107473	1103132	82794	186596	0.0262715	1.62262e-05	1.77824e-05	4902	-139766.762	-139677.249
103407	1129979	88063	185626	0.0271137	1.64100e-05	1.65635e-05	5033	-140126.407	-140043.635
103066	1129562	87010	187150	0.0274992	1.63103e-05	1.62944e-05	5146	-139286.173	-139199.235
113713	1142873	85783	191037	0.0242016	1.66018e-05	1.57954e-05	4623	-140075.931	-139984.394
102823	1107493	86239	188584	0.0272354	1.61623e-05	1.74828e-05	5136	-139758.348	-139680.207
85738	1110922	84776	205275	0.0231974	1.69906e-05	1.67505e-05	4762	-138075.590	-138006.177
103921	1121484	83232	176289	0.0293610	1.64055e-05	1.87509e-05	5176	-139327.130	-139242.789
100564	1120991	96713	179914	0.0262866	1.61614e-05	1.41958e-05	4729	-138689.737	-138619.805
111789	1144853	82719	171476	0.0311286	1.59433e-05	1.85998e-05	5338	-139977.595	-139904.960
103811	1119743	82425	186577	0.0217804	1.55453e-05	1.69693e-05	4064	-140089.642	-140004.651
108244	1123559	88453	180510	0.0287263	1.63392e-05	1.73568e-05	5185	-140016.965	-139938.317
105001	1114163	88869	188679	0.0262118	1.70656e-05	1.69524e-05	4946	-139792.840	-139713.265
109422	1112810	104144	196132	0.0278032	1.72641e-05	1.18791e-05	5453	-139907.730	-139821.690
108477	1129497	85705	182411	0.0272354	1.63424e-05	1.75398e-05	4968	-140114.099	-140041.343
111012	1125192	89447	181535	0.0303905	1.70847e-05	1.74111e-05	5517	-139808.838	-139724.659
99038	1112497	80856	187431	0.0242136	1.61154e-05	1.87976e-05	4538	-138737.578	-138659.921
102039	1125192	87727	189026	0.0260167	1.63688e-05	1.61929e-05	4918	-139251.327	-139169.260
111802	1114163	93031	189779	0.0275921	1.70296e-05	1.53598e-05	5236	-139588.127	-139504.674
104274	1140428	85963	193513	0.0252102	1.69344e-05	1.66748e-05	4879	-140376.423	-140296.811
91443	1141412	83985	199986	0.0247408	1.69857e-05	1.86320e-05	4948	-139302.372	-139236.711
96508	1131958	88602	196894	0.0236341	1.62758e-05	1.57485e-05	4653	-139508.534	-139423.445
94064	1133821	94230	201845	0.0276911	1.70649e-05	1.46273e-05	5589	-139752.011	-139669.885
96499	1119209	86891	194183	0.0262777	1.58184e-05	1.61730e-05	5103	-139803.325	-139736.057
96448	1114163	99209	212951	0.0235729	1.70296e-05	1.19461e-05	5020	-139465.415	-139386.609
79749	1129442	86536	220392	0.0234318	1.70549e-05	1.59735e-05	5164	-139691.551	-139617.158
113645	1136372	86526	180187	0.0305223	1.70708e-05	1.89078e-05	5500	-140344.355	-140268.105
89247	1102279	88213	196398	0.0266492	1.71068e-05	1.87183e-05	5234	-139399.791	-139316.546
114792	1103132	92845	187604	0.0258985	1.67059e-05	1.46137e-05	4859	-139877.215	-139788.812
102086	1136176	85702	192263	0.0224848	1.56398e-05	1.51283e-05	4323	-139471.973	-139377.103
99067	1119011	92641	185341	0.0284630	1.64979e-05	1.59056e-05	5275	-138302.524	-138228.917
112809	1126085	91771	187525	0.0298814	1.68493e-05	1.62507e-05	5604	-140279.633	-140207.170
107091	1108742	96459	183900	0.0252938	1.53089e-05	1.25289e-05	4652	-139630.877	-139547.003
111168	1139559	87106	186596	0.0272354	1.61672e-05	1.57436e-05	5082	-140268.573	-140195.603
106228	1131889	83286	182901	0.0265027	1.58139e-05	1.73728e-05	4847	-139100.790	-139029.825
97942	1092101	91391	191913	0.0246997	1.59240e-05	1.58859e-05	4740	-140217.025	-140142.919
100996	1126828	84218	195905	0.0248949	1.63546e-05	1.67869e-05	4877	-139889.103	-139809.055
108102	1119555	94052	184989	0.0274118	1.71930e-05	1.49920e-05	5071	-139053.920	-138970.024
98362	1136073	82748	191928	0.0269545	1.70870e-05	1.83916e-05	5173	-139151.960	-139081.038
95142	1140671	82254	186174	0.0286556	1.66290e-05	1.96827e-05	5335	-139569.546	-139482.421
90429	1132375	82915	197410	0.0257845	1.67557e-05	1.84349e-05	5090	-138779.415	-138703.197
80830	1123442	84486	206324	0.0280173	1.62498e-05	1.78965e-05	5781	-139170.741	-139098.435
99766	1125305	83580	185223	0.0278184	1.66784e-05	1.93798e-05	5153	-139116.678	-139044.157
102029	1122306	83979	180938	0.0280139	1.54759e-05	1.79613e-05	5069	-139772.010	-139699.666
84066	1121192	95706	222448	0.0209845	1.67571e-05	1.27953e-05	4668	-139277.775	-139214.337
96417	1125938	92572	199689	0.0284884	1.71967e-05	1.60981e-05	5689	-140143.363	-140065.280
94901	1140265	79801	190726	0.0273698	1.62574e-05	1.94964e-05	5220	-139472.100	-139392.200
99089	1105344	91018	198862	0.0244066	1.62309e-05	1.48870e-05	4854	-140097.946	-140017.425
