NANC	NPOP1	NPOP2	TDIV	TPROP	MIG12	MIG21	ISO	MaxEstLhood	MaxObsLhood
710025	1086778	3495	231053	0.0103275	1.75771e-05	3.15317e-06	2386	-99574.181	-99554.220
715841	1098347	3555	239858	0.0131184	1.73920e-05	3.04573e-06	3147	-99784.669	-99763.694
706444	1098667	3734	228087	0.0055444	1.73818e-05	3.14599e-06	1265	-100410.802	-100389.074
780234	1086129	3335	241782	0.0184324	1.75876e-05	3.39906e-06	4457	-100873.640	-100856.383
651218	1087353	3008	226309	0.0137113	1.75678e-05	3.59659e-06	3103	-99991.050	-99967.881
669286	1084384	3583	236554	0.0254795	1.76159e-05	3.23159e-06	6027	-100549.081	-100524.042
825226	1087685	3239	248094	0.0220022	1.75625e-05	3.23431e-06	5459	-101078.211	-101053.831
734701	1077862	3904	223554	0.0078962	1.77225e-05	2.69627e-06	1765	-100910.753	-100887.468
610870	1111361	3430	241362	0.0260043	1.71833e-05	3.23069e-06	6276	-100300.748	-100280.411
711292	1121515	2838	240454	0.0096006	1.70327e-05	3.69433e-06	2308	-101346.959	-101327.200
776738	1096058	3717	238892	0.0070424	1.74283e-05	2.83262e-06	1682	-100049.564	-100024.577
619804	1080847	3673	219113	0.0155501	1.76736e-05	3.10271e-06	3407	-100082.560	-100057.599
693976	1077431	3563	233195	0.0169511	1.77296e-05	3.55826e-06	3953	-100392.888	-100370.162
701875	1110300	4365	242841	0.0184633	1.72047e-05	3.21537e-06	4484	-101316.557	-101296.199
770892	1083173	3263	234567	0.0109804	1.76356e-05	3.30631e-06	2576	-99856.228	-99826.384
670907	1077862	3324	219215	0.0067149	1.77225e-05	3.16699e-06	1472	-99906.761	-99881.510
632261	1088641	4225	219703	0.0064855	1.75470e-05	2.66218e-06	1425	-99792.775	-99766.000
655205	1097351	3765	261000	0.0264674	1.69018e-05	3.66325e-06	6908	-100108.505	-100082.864
669759	1110078	2923	233236	0.0109793	1.72082e-05	3.75976e-06	2561	-101260.764	-101239.694
615573	1095524	3451	220238	0.0061753	1.74368e-05	3.15216e-06	1360	-99573.529	-99540.997
679743	1067083	4283	217958	0.0089719	1.79015e-05	2.45740e-06	1956	-99580.612	-99557.845
731696	1108359	3460	246220	0.0119065	1.72349e-05	3.97188e-06	2932	-100396.236	-100373.591
631744	1120482	3460	281298	0.0194892	1.56183e-05	3.60917e-06	5482	-101632.696	-101606.501
622496	1099417	3299	232887	0.0162418	1.73751e-05	3.53946e-06	3782	-99534.126	-99509.401
614831	1110411	3651	243761	0.0288989	1.72030e-05	3.12728e-06	7044	-100618.933	-100595.127
640275	1117072	3518	250584	0.0173145	1.66034e-05	3.01092e-06	4339	-100707.450	-100682.777
692580	1075295	3587	224352	0.0167281	1.77648e-05	3.10280e-06	3753	-100970.742	-100947.855
708405	1066870	3689	223441	0.0168588	1.79051e-05	2.85910e-06	3767	-99870.934	-99847.241
612806	1121628	3708	234006	0.0111970	1.70310e-05	2.92097e-06	2620	-100023.924	-100006.977
573266	1103126	3755	231457	0.0266606	1.73166e-05	2.83635e-06	6171	-100334.137	-100304.841
662510	1088641	4046	227182	0.0077018	1.75470e-05	2.96788e-06	1750	-99604.219	-99581.497
585948	1100616	3599	227722	0.0169271	1.73561e-05	3.38936e-06	3855	-100220.916	-100196.341
620124	1112340	3704	240942	0.0199950	1.71681e-05	3.65156e-06	4818	-100169.870	-100143.755
531787	1132844	3501	220105	0.0081239	1.68624e-05	3.19340e-06	1788	-100452.243	-100428.210
646729	1099527	3765	226733	0.0089738	1.73733e-05	2.79687e-06	2035	-100016.206	-99997.069
729062	1077448	3224	228296	0.0068663	1.77293e-05	3.58422e-06	1568	-99150.004	-99134.673
701289	1077754	3352	225765	0.0125755	1.77243e-05	3.28693e-06	2839	-100489.593	-100464.420
660870	1097341	3260	236671	0.0206827	1.74079e-05	3.49948e-06	4895	-99469.955	-99446.265
1044464	1090935	3906	266740	0.0128694	1.74998e-05	2.98764e-06	3433	-99908.567	-99879.330
464016	1105937	4277	262717	0.0111231	1.53772e-05	2.77451e-06	2922	-100310.986	-100269.676
688192	1082869	4321	247103	0.0195192	1.71278e-05	2.69612e-06	4823	-99692.331	-99670.933
690931	1075534	3539	223389	0.0113843	1.77609e-05	2.99525e-06	2543	-99906.368	-99877.761
711913	1096367	3626	239159	0.0136186	1.74234e-05	2.99819e-06	3257	-99834.725	-99820.580
718086	1077215	3783	225786	0.0069972	1.77332e-05	2.97887e-06	1580	-99840.616	-99813.209
643788	1101943	4023	221460	0.0053280	1.73352e-05	2.65838e-06	1180	-100725.504	-100703.006
632590	1088641	3589	221248	0.0074812	1.75470e-05	2.93249e-06	1655	-99540.481	-99518.794
726137	1096356	3591	239319	0.0136182	1.74236e-05	3.11328e-06	3259	-100167.832	-100143.929
580252	1083487	3926	219437	0.0116010	1.76305e-05	2.80962e-06	2546	-99304.051	-99280.096
675103	1110431	3255	249554	0.0279805	1.72027e-05	3.57476e-06	6983	-101448.872	-101422.611
718917	1075362	4320	233419	0.0151868	1.77637e-05	2.43684e-06	3545	-99860.263	-99832.101
716352	1088153	3640	241633	0.0205163	1.75549e-05	3.30449e-06	4957	-99916.236	-99886.489
677938	1088532	2963	223413	0.0087203	1.75488e-05	3.71354e-06	1948	-100851.960	-100828.237
806499	1073086	3082	241686	0.0187184	1.78014e-05	4.00621e-06	4524	-100419.883	-100393.625
735603	1088453	3605	238821	0.0208591	1.75501e-05	3.10565e-06	4982	-100470.956	-100441.305
691327	1093538	3837	236376	0.0175537	1.74633e-05	2.83967e-06	4149	-99833.356	-99808.306
720502	1077862	3636	221270	0.0063731	1.77225e-05	2.89508e-06	1410	-100938.427	-100913.331
717355	1083561	3584	232155	0.0105146	1.76293e-05	2.96627e-06	2441	-99470.824	-99441.914
846052	1095973	3710	236640	0.0043225	1.74245e-05	3.01089e-06	1023	-101283.624	-101258.887
542080	1087384	4970	244962	0.0048754	1.60937e-05	2.67188e-06	1194	-101337.314	-101285.307
613583	1078169	3295	224216	0.0180404	1.77175e-05	3.47574e-06	4045	-99330.293	-99308.111
620550	1113336	3681	229704	0.0079965	1.71578e-05	2.87827e-06	1837	-99864.626	-99845.571
668695	1071332	3250	237247	0.0145090	1.73123e-05	3.64314e-06	3442	-99802.201	-99780.155
711074	1100465	3860	237494	0.0139053	1.73585e-05	2.85650e-06	3302	-100482.017	-100460.886
825525	1116789	4361	275958	0.0221976	1.70997e-05	3.50116e-06	6126	-100200.642	-100172.116
802566	1094525	3975	237402	0.0106857	1.74527e-05	2.63673e-06	2537	-101113.188	-101087.175
603517	1088641	3718	225846	0.0203405	1.75470e-05	2.93651e-06	4594	-99267.596	-99244.794
684496	1077862	3168	221248	0.0051579	1.77225e-05	3.47770e-06	1141	-99759.081	-99736.101
752509	1109998	2979	261391	0.0213180	1.72094e-05	4.35883e-06	5572	-100563.773	-100540.363
630779	1089155	3013	249127	0.0328422	1.75388e-05	3.83949e-06	8182	-99272.493	-99249.435
697073	1088532	3551	242178	0.0213074	1.75488e-05	3.17796e-06	5160	-99411.598	-99384.597
715305	1093311	3337	238543	0.0152982	1.74721e-05	3.89103e-06	3649	-100457.136	-100431.858
709285	1100329	3841	241770	0.0188171	1.73555e-05	3.44732e-06	4549	-101032.806	-101005.533
690965	1054175	4055	216219	0.0109451	1.81207e-05	2.58730e-06	2367	-99247.555	-99225.064
798744	1099650	3686	249223	0.0200287	1.73714e-05	3.00125e-06	4992	-101348.519	-101319.865
803488	1127015	3564	275773	0.0198898	1.69396e-05	3.43050e-06	5485	-99384.074	-99356.850
628691	1099417	3525	238824	0.0230297	1.73751e-05	3.88949e-06	5500	-100180.042	-100155.116
660161	1078857	3259	217572	0.0150564	1.77062e-05	3.37145e-06	3276	-101553.084	-101529.853
560070	1097536	3768	234850	0.0154916	1.68989e-05	3.04238e-06	3638	-99649.170	-99627.854
686488	1077862	3361	223460	0.0086639	1.77225e-05	3.23866e-06	1936	-99416.934	-99396.549
681222	1077754	3497	230951	0.0168870	1.77243e-05	3.93441e-06	3900	-100195.807	-100173.557
591770	1097858	3908	220485	0.0107280	1.73997e-05	3.11379e-06	2365	-100095.823	-100071.608
562898	1101472	4142	227014	0.0206661	1.73426e-05	3.13730e-06	4691	-100359.197	-100334.894
868963	1088532	3506	250692	0.0155192	1.75488e-05	3.06315e-06	3891	-100328.782	-100306.801
598090	1097248	4204	246854	0.0197954	1.69034e-05	2.72800e-06	4887	-100066.464	-100041.243
606664	1077754	3628	219035	0.0203917	1.77243e-05	2.92669e-06	4466	-100353.342	-100330.565
649966	1077862	3756	223834	0.0178115	1.77225e-05	2.80249e-06	3987	-100036.374	-100016.927
641032	1106158	3455	241776	0.0203462	1.72692e-05	3.10600e-06	4919	-99662.760	-99632.002
576506	1119253	4278	228475	0.0122275	1.70671e-05	2.55409e-06	2794	-100076.939	-100053.901
706604	1080000	3078	237417	0.0177714	1.76874e-05	3.85430e-06	4219	-100025.774	-99997.963
695017	1077862	3756	221270	0.0063731	1.77225e-05	2.80249e-06	1410	-100233.859	-100210.126
685574	1094671	3006	247701	0.0223171	1.74452e-05	3.88556e-06	5528	-98833.430	-98802.950
671295	1077862	3362	232095	0.0087903	1.72074e-05	3.27673e-06	2040	-100046.276	-100020.144
736225	1088532	3080	228129	0.0055127	1.75488e-05	3.57681e-06	1258	-100158.413	-100133.716
718340	1109922	3300	252420	0.0167273	1.72106e-05	4.02644e-06	4222	-100104.252	-100079.472
532436	1116963	3863	228865	0.0163053	1.71021e-05	3.21368e-06	3732	-99380.465	-99361.024
631059	1099527	3371	227719	0.0103109	1.73733e-05	3.12255e-06	2348	-99657.827	-99639.882
599123	1110300	3032	230056	0.0207846	1.72047e-05	3.46865e-06	4782	-100897.731	-100872.988
622789	1105402	3553	237674	0.0183055	1.72759e-05	3.04712e-06	4351	-99544.702	-99524.419
630721	1104539	3701	267962	0.0281975	1.67918e-05	4.01800e-06	7556	-100611.759	-100579.707
828063	1095877	3246	265005	0.0185721	1.69245e-05	3.26708e-06	4922	-100630.944	-100610.671
