Parameter	mean	lower_CI	upper_CI	lower_quantile_CI.2.5%	upper_quantile_CI.97.5%
NANC	115714.75	115010.387376311	116419.112623689	109524.625	122452.1
NPOP1	915569.31	913365.97036562	917772.64963438	896999.6	937527.55
NPOP2	354219.13	352689.814664982	355748.445335018	336953	368754.375
TDIV	122785.93	122381.369102386	123190.490897614	119564.925	127402.075
TPROP	0.140622045	0.139318260420965	0.141925829579035	0.1287427825	0.15247491
MIG12	0.000018148181	0.0000179964767595969	0.0000182998852404031	0.0000169664275	0.0000196259975
MIG21	0.000015551013	0.0000154320456070607	0.0000156699803929393	0.000014497455	0.0000167286525
ISO	17265.38	17100.3651082665	17430.3948917335	15576.8	18681.5
MaxEstLhood	-176031.26218	-176172.032229359	-175890.492130641	-177445.86045	-174821.846825
MaxObsLhood	-175964.93792	-176105.676344808	-175824.199495192	-177382.863625	-174750.408575
