Parameter	mean	lower_CI	upper_CI	lower_quantile_CI.2.5%	upper_quantile_CI.97.5%
NANC	680143.06	664056.144797382	696229.975202618	537016.9	837507.225
NPOP1	1093575.23	1090658.01301732	1096492.44698268	1069101.275	1121574.325
NPOP2	3604.03	3529.62809545098	3678.43190454902	2970.6	4342
TDIV	236082.48	233353.190233858	238811.769766142	218469.575	272062.775
TPROP	0.015030622	0.013778434290972	0.016282809709028	0.0052386975	0.028094425
MIG12	0.0000173767	0.0000172967194958154	0.0000174566805041846	0.0000163358075	0.0000178539525
MIG21	0.0000032172874	0.0000031381336261908	0.0000032964411738092	0.00000256986475	0.00000401239975
ISO	3593.67	3271.82918757296	3915.51081242704	1186.65	7015.025
MaxEstLhood	-100181.03945	-100301.021043421	-100061.057856579	-101401.204325	-99257.074475
MaxObsLhood	-100156.56409	-100276.412140885	-100036.716039115	-101377.290775	-99234.43575
