Parameter	mean	lower_CI	upper_CI	lower_quantile_CI.2.5%	upper_quantile_CI.97.5%
NANC	101762.48	100360.38557687	103164.57442313	84860.2	113680.7
NPOP1	1122197.07	1119644.70169821	1124749.43830179	1102579.2	1143796.475
NPOP2	88065.66	87087.9906426565	89043.3293573435	79123.225	97493.15
TDIV	189619.77	187781.641668338	191457.898331662	173320.9	209803.175
TPROP	0.026714516	0.0262277429566685	0.0272012890433315	0.022031485	0.0311582625
MIG12	0.00001642442	0.0000163292699488725	0.0000165195700511275	0.0000154441375	0.000017152055
MIG21	0.000016643199	0.0000162540111634716	0.0000170323868365284	0.00001265544	0.0000209009025
ISO	5052.71	4976.44218842753	5128.97781157247	4246.275	5835.625
MaxEstLhood	-139632.49437	-139747.251832413	-139517.736907587	-140599.222025	-138346.199725
MaxObsLhood	-139553.34748	-139667.923439104	-139438.771520896	-140510.993225	-138262.959375
