NANC	NPOP1	NPOP2	TDIV	TPROP	MIG12	MIG21	ISO	MaxEstLhood	MaxObsLhood
112612	868381	340207	142720	0.1232012	2.03975e-05	1.45581e-05	17583	-164155.300	-164091.482
112722	884778	346726	139479	0.1254017	1.97953e-05	1.52119e-05	17491	-164591.256	-164528.450
111889	875578	343206	139419	0.1222243	2.09623e-05	1.46332e-05	17040	-163631.660	-163566.381
113238	875947	337733	136360	0.1238731	2.14680e-05	1.53444e-05	16891	-162482.042	-162415.625
109060	880185	341252	138406	0.1281983	1.92148e-05	1.56294e-05	17743	-163642.980	-163570.714
111461	872441	346712	139253	0.1131498	2.21763e-05	1.56696e-05	15756	-163577.508	-163498.389
112526	882495	350240	135038	0.1310744	1.93709e-05	1.48476e-05	17700	-162596.565	-162528.095
113752	866551	336578	135983	0.1239507	2.04700e-05	1.53303e-05	16855	-163006.899	-162944.067
108334	882020	336130	139885	0.1188313	1.98740e-05	1.56547e-05	16623	-164010.157	-163942.921
111383	877908	343842	141652	0.1224652	2.14458e-05	1.49808e-05	17347	-164597.974	-164529.990
113493	863684	350434	136801	0.1162897	2.16880e-05	1.50388e-05	15909	-163674.340	-163602.336
118386	864336	337546	135752	0.1280934	1.94355e-05	1.51343e-05	17389	-163332.661	-163279.325
114741	843321	344608	141672	0.1149140	2.13144e-05	1.49349e-05	16280	-164759.451	-164680.214
115500	883902	344461	134056	0.1294358	2.06596e-05	1.47110e-05	17352	-162141.488	-162080.533
113389	843629	351393	138555	0.1160546	2.16386e-05	1.47579e-05	16080	-163148.185	-163077.119
106500	855457	339738	140737	0.1257843	1.99380e-05	1.52263e-05	17703	-162740.595	-162673.880
112533	874629	339440	138236	0.1291828	1.99938e-05	1.52220e-05	17858	-163643.344	-163580.217
109727	857706	347422	139182	0.1282305	2.04404e-05	1.43106e-05	17847	-163040.111	-162985.410
112585	884941	338891	139292	0.1297494	1.98862e-05	1.46875e-05	18073	-163535.418	-163484.396
113297	882820	338632	138245	0.1238731	1.95287e-05	1.56056e-05	17125	-164163.472	-164092.861
114187	868551	355318	139902	0.1307769	2.05284e-05	1.32179e-05	18296	-164102.113	-164031.404
112835	869017	345349	139287	0.1187930	2.20180e-05	1.48326e-05	16546	-163693.212	-163627.809
112030	868278	330752	139724	0.1242496	2.07545e-05	1.47784e-05	17361	-163105.754	-163045.009
114817	871844	341906	137252	0.1268788	2.00617e-05	1.47149e-05	17414	-163578.016	-163518.091
109578	877426	335140	139517	0.1268385	1.99629e-05	1.47414e-05	17696	-162906.054	-162841.689
113561	870722	335531	139535	0.1162934	2.03602e-05	1.58522e-05	16227	-163842.262	-163780.109
118194	868817	335922	134869	0.1213384	2.10866e-05	1.52291e-05	16365	-163082.654	-163015.125
111612	867275	353492	136538	0.1326534	1.99968e-05	1.41268e-05	18112	-163544.211	-163470.844
112613	902474	337773	135738	0.1224599	2.01708e-05	1.55345e-05	16622	-163365.553	-163297.265
112033	873248	342223	142384	0.1244138	2.05917e-05	1.46482e-05	17714	-164955.870	-164888.477
117672	867274	345345	135512	0.1306139	1.93176e-05	1.46867e-05	17700	-164572.224	-164507.885
111120	867799	340632	137701	0.1264874	1.97187e-05	1.50034e-05	17417	-163701.082	-163633.713
116109	863564	342108	139273	0.1213971	2.05031e-05	1.53458e-05	16907	-164227.128	-164166.154
109290	875290	346842	141003	0.1244952	1.99053e-05	1.39855e-05	17554	-164058.530	-163999.942
113070	877306	354000	135885	0.1225197	2.02190e-05	1.42395e-05	16649	-163616.676	-163551.688
112694	876356	345149	137124	0.1309408	1.89066e-05	1.52733e-05	17955	-163946.519	-163867.246
114806	876173	341697	135000	0.1260122	2.08289e-05	1.52790e-05	17012	-163100.995	-163044.371
112729	847989	343139	142327	0.1205369	2.05048e-05	1.43940e-05	17156	-163488.238	-163411.746
111968	870263	348224	135712	0.1244087	2.05479e-05	1.45360e-05	16884	-163655.647	-163594.178
114875	876306	345469	138329	0.1271088	1.97807e-05	1.52966e-05	17583	-164797.080	-164730.919
110194	880891	341661	136874	0.1349975	2.01309e-05	1.40848e-05	18478	-163170.170	-163092.756
116149	888603	340153	134585	0.1200750	2.11167e-05	1.52718e-05	16160	-163138.824	-163076.004
111755	877306	354608	138581	0.1208051	2.14159e-05	1.47852e-05	16741	-164449.062	-164382.817
113497	894531	351196	136995	0.1239664	2.07547e-05	1.42272e-05	16983	-164253.982	-164176.706
111935	866139	344396	139403	0.1246650	1.98878e-05	1.47818e-05	17379	-163832.808	-163765.414
110342	888067	341940	136933	0.1333427	1.94774e-05	1.47395e-05	18259	-163888.730	-163818.782
111291	878601	349417	137557	0.1224729	2.10200e-05	1.48456e-05	16847	-163693.421	-163629.586
114579	878171	343283	140554	0.1133407	2.15946e-05	1.54571e-05	15930	-164947.365	-164889.055
105591	854487	337114	140389	0.1132341	2.19878e-05	1.55748e-05	15897	-163090.553	-163025.582
114908	882748	340244	137019	0.1374857	1.89487e-05	1.43959e-05	18838	-164785.294	-164719.364
111749	882846	340784	140089	0.1204076	2.08010e-05	1.49479e-05	16868	-163626.482	-163543.264
109131	863382	340348	142694	0.1127032	2.17820e-05	1.53117e-05	16082	-163970.112	-163901.140
110200	884535	344303	141128	0.1219635	2.11047e-05	1.51638e-05	17213	-165313.832	-165242.002
117153	863624	346431	139870	0.1270916	2.15027e-05	1.38309e-05	17776	-163630.355	-163568.255
111694	880987	338345	140208	0.1238733	2.01991e-05	1.47157e-05	17368	-163385.833	-163315.356
116894	877926	344139	136739	0.1181055	2.06649e-05	1.57032e-05	16150	-164229.437	-164152.463
110929	898981	328855	138939	0.1237502	1.95028e-05	1.57542e-05	17194	-163157.200	-163074.081
114679	873519	348303	139195	0.1222003	2.08991e-05	1.44147e-05	17010	-164514.256	-164439.121
116152	881676	335600	139870	0.1321143	1.79650e-05	1.49295e-05	18479	-164071.622	-164006.770
109379	869809	342383	140493	0.1199897	2.09382e-05	1.42571e-05	16858	-163182.544	-163113.672
112201	889137	338118	138694	0.1238036	2.03264e-05	1.52054e-05	17171	-164043.693	-163966.272
112172	850565	342118	138295	0.1265397	2.14569e-05	1.46165e-05	17500	-162745.310	-162672.261
116849	876678	343692	135910	0.1177116	2.20187e-05	1.46011e-05	15998	-163639.109	-163587.828
112009	863996	339809	138527	0.1212500	2.10258e-05	1.50905e-05	16796	-162634.881	-162568.633
106808	853658	333339	144227	0.1170948	2.16868e-05	1.51217e-05	16888	-162503.712	-162430.081
109902	871932	344841	138823	0.1214971	2.16582e-05	1.53702e-05	16867	-163548.253	-163485.211
121862	885252	343162	132397	0.1268397	2.11195e-05	1.50325e-05	16793	-163887.224	-163824.770
116651	870305	347282	137160	0.1189326	2.16299e-05	1.51046e-05	16313	-164789.283	-164717.044
108399	869160	339699	136858	0.1367649	1.86097e-05	1.51686e-05	18717	-162941.191	-162878.552
116350	864055	342124	139340	0.1251125	2.07808e-05	1.42333e-05	17433	-164001.712	-163936.126
118607	890589	343640	134499	0.1254093	2.03781e-05	1.55959e-05	16867	-164407.488	-164335.053
112411	868667	345922	142106	0.1232363	2.08191e-05	1.45440e-05	17513	-164796.767	-164732.160
114447	873639	336732	136432	0.1314144	1.97415e-05	1.49749e-05	17929	-163113.464	-163049.316
119292	891469	331868	134541	0.1212856	2.10880e-05	1.57599e-05	16318	-163126.066	-163054.255
111301	868984	345062	140551	0.1291299	2.04127e-05	1.42814e-05	18149	-163452.649	-163393.504
105249	865055	346703	140945	0.1274388	1.98111e-05	1.49376e-05	17962	-163801.493	-163746.263
112324	849045	342360	139456	0.1234364	1.98264e-05	1.48326e-05	17214	-162570.498	-162512.801
104722	866926	339947	140183	0.1198318	2.04724e-05	1.48173e-05	16798	-162742.278	-162676.311
111640	882978	346481	137371	0.1291724	2.00834e-05	1.43830e-05	17745	-163532.912	-163470.336
114461	866910	345897	136837	0.1269466	2.00629e-05	1.47856e-05	17371	-163772.656	-163711.088
112480	876265	335350	135635	0.1159287	2.14889e-05	1.54878e-05	15724	-162245.278	-162166.696
119988	856439	346566	137360	0.1239507	2.13111e-05	1.40385e-05	17026	-164283.163	-164219.215
110822	856856	350743	141448	0.1203509	2.16118e-05	1.44148e-05	17023	-164122.132	-164050.030
110111	887422	345062	140614	0.1198627	2.05722e-05	1.52900e-05	16854	-164308.864	-164245.477
114490	864977	350454	136125	0.1500516	1.91698e-05	1.34478e-05	20426	-162797.442	-162739.877
109280	866472	329161	137923	0.1263421	1.89817e-05	1.61692e-05	17426	-163339.877	-163279.239
108650	872748	354187	141927	0.1267281	2.11680e-05	1.35560e-05	17986	-164227.150	-164162.242
108630	856131	349523	142201	0.1187230	2.19056e-05	1.45168e-05	16883	-164079.186	-164005.679
116608	884706	347215	136790	0.1238731	2.06469e-05	1.49254e-05	16945	-163630.972	-163561.924
108448	882332	337189	138569	0.1211038	2.04486e-05	1.57528e-05	16781	-163854.453	-163783.616
116020	879913	336096	134158	0.1340100	1.98773e-05	1.53165e-05	17978	-163169.899	-163097.172
113129	874642	339805	140575	0.1205128	2.02864e-05	1.50020e-05	16941	-164172.811	-164111.474
115422	868018	353160	136715	0.1200738	2.23092e-05	1.41570e-05	16416	-163584.280	-163513.575
108175	869114	334635	144748	0.1199846	2.09828e-05	1.46295e-05	17368	-163798.535	-163712.588
113023	863437	341258	137447	0.1185356	2.11554e-05	1.55309e-05	16292	-163098.388	-163038.833
114913	882336	333750	135530	0.1174282	2.03817e-05	1.60802e-05	15915	-162542.755	-162474.314
118483	858687	346263	132241	0.1319422	2.06634e-05	1.44120e-05	17448	-161712.585	-161640.349
108350	874177	341201	142252	0.1376124	1.88709e-05	1.39285e-05	19576	-165112.980	-165037.191
105301	871005	341525	140456	0.1226660	2.03419e-05	1.53049e-05	17229	-163804.736	-163722.598
112893	885415	338656	135106	0.1225054	2.00339e-05	1.56556e-05	16551	-163686.188	-163616.603
