Parameter	mean	lower_CI	upper_CI	lower_quantile_CI.2.5%	upper_quantile_CI.97.5%
NANC	112639.95	111983.586910409	113296.313089591	105438.75	118966.625
NPOP1	872736.02	870498.033212093	874974.006787907	848490.6	893076.55
NPOP2	342653	341537.786182973	343768.213817027	331282.1	354098.175
TDIV	138424.22	137928.221078884	138920.218921116	134104.45	142707.65
TPROP	0.12424812	0.12306790461659	0.12542833538341	0.113284735	0.13714332
MIG12	0.000020523721	0.0000203533538240082	0.0000206940881759918	0.0000188878575	0.0000220183675
MIG21	0.000014904699	0.0000147927669995147	0.0000150166310004853	0.0000136865775	0.0000158083575
ISO	17194.55	17038.0827164746	17351.0172835254	15902.7	18780.525
MaxEstLhood	-163657.65419	-163794.786359067	-163520.522020933	-164951.830125	-162357.7409
MaxObsLhood	-163590.34816	-163727.35122104	-163453.34509896	-164888.78045	-162284.937275
