Parameter	mean	lower_CI	upper_CI	lower_quantile_CI.2.5%	upper_quantile_CI.97.5%
NANC	107814.89	106484.794588362	109144.985411638	93716.3	121352
NPOP1	99205.06	98201.5766230228	100208.543376977	90257.45	108574.775
NPOP2	1012439.5	1009466.24526295	1015412.75473705	981180.175	1037459.575
TDIV	184452.25	182379.465679689	186525.034320311	165737.2	207083.675
TPROP	0.015325434	0.0147907611126384	0.0158601068873616	0.010316255	0.020480055
MIG12	0.0000104084525	0.0000102007764045488	0.0000106161285954512	0.00000875644925	0.00001237861
MIG21	0.0000109384963	0.0000108222632192455	0.0000110547293807545	0.00000976834025	0.0000121225475
ISO	2828.61	2722.98523380929	2934.23476619071	1870.125	3924.825
MaxEstLhood	-126785.82657	-126916.210600098	-126655.442539902	-127977.14245	-125348.762675
MaxObsLhood	-126706.07894	-126836.014461673	-126576.143418327	-127892.692675	-125278.330225
