Parameter	mean	lower_CI	upper_CI	lower_quantile_CI.2.5%	upper_quantile_CI.97.5%
NANC	113771.39	112412.22652996	115130.55347004	99924.825	125874.525
NPOP1	79185.2	78278.1504507274	80092.2495492726	70292.675	87915.4
NPOP2	1024041.01	1020997.51823376	1027084.50176624	991633.175	1057684.75
TDIV	173664.67	171467.542432919	175861.797567081	158559.925	196634.325
TPROP	0.017229573	0.0167090216158847	0.0177501243841153	0.01218355	0.02215113
MIG12	0.00001491207	0.0000145801414629756	0.0000152439985370244	0.000011713615	0.000018209665
MIG21	0.0000098441424	0.00000970818769777358	0.00000998009710222642	0.000008691703	0.0000112833775
ISO	2988.01	2894.49659869544	3081.52340130456	2124.8	3866.2
MaxEstLhood	-127146.49429	-127263.737608116	-127029.250971884	-128341.75005	-126046.5704
MaxObsLhood	-127067.29587	-127184.293846905	-126950.297893095	-128259.044475	-125964.87605
