Parameter	mean	lower_CI	upper_CI	lower_quantile_CI.2.5%	upper_quantile_CI.97.5%
NANC	135092.05	134382.184980662	135801.915019338	128924.5	141268.425
NPOP1	122757.57	121861.983194952	123653.156805048	115935.65	131803.925
NPOP2	558764.09	557212.045723138	560316.134276861	546210.5	574465.25
TDIV	89500.55	89051.1806972858	89949.9193027142	85009.275	94197.8
TPROP	0.251537422	0.245387560878859	0.257687283121141	0.2033363525	0.3214511675
MIG12	0.0000049794814	0.00000489074356981999	0.00000506821923018001	0.0000038942795	0.00000574167925
MIG21	0.0000034437202	0.00000338720309353943	0.00000350023730646057	0.000002943141	0.00000396451
ISO	22541.59	21933.9036284294	23149.2763715706	17864.55	29864.35
MaxEstLhood	-103730.39427	-103850.463311809	-103610.325228191	-104761.272775	-102358.4538
MaxObsLhood	-103657.57089	-103777.206845271	-103537.934934729	-104682.62565	-102283.5699
