Parameter	mean	lower_CI	upper_CI	lower_quantile_CI.2.5%	upper_quantile_CI.97.5%
NANC	117300.16	116249.059841979	118351.260158021	105997.75	127221.925
NPOP1	89529.45	88508.7315309096	90550.1684690904	80009.5	100321.575
NPOP2	569985.9	567381.837954199	572589.962045801	537339.9	595882.75
TDIV	117343.28	115519.774287592	119166.785712408	102335.925	140792.9
TPROP	0.009607883	0.00886580056593505	0.0103499654340649	0.002507635	0.01746226
MIG12	0.00001796711	0.0000175699823812507	0.0000183642376187493	0.000013900875	0.0000225699325
MIG21	0.000015385479	0.0000151327949263724	0.0000156381630736276	0.00001318817	0.0000186396525
ISO	1122.55	1035.21286278361	1209.88713721639	282.975	1919.7
MaxEstLhood	-85192.1827	-85298.4165081286	-85085.9488918714	-86208.7631	-84211.749175
MaxObsLhood	-85130.39462	-85236.4386966601	-85024.3505433399	-86152.5842	-84153.008525
