Parameter	mean	lower_CI	upper_CI	lower_quantile_CI.2.5%	upper_quantile_CI.97.5%
NANC	126293.25	125599.14949251	126987.35050749	119559.625	133455.3
NPOP1	127634.1	126825.893351453	128442.306648547	120907.275	135266.325
NPOP2	555975.66	554339.190861949	557612.129138052	541807.075	574452.8
TDIV	92122.37	91570.0611834524	92674.6788165475	86752.45	97636.35
TPROP	0.26979318	0.263342424691618	0.276243935308382	0.2271977025	0.34225756
MIG12	0.0000052002126	0.00000511071866551938	0.00000528970653448062	0.000004262219	0.0000060208295
MIG21	0.0000035740055	0.00000352403618136096	0.00000362397481863904	0.0000030940295	0.000004049247
ISO	24879.95	24222.4752737906	25537.4247262094	20552.775	31548.45
MaxEstLhood	-104009.96336	-104137.884972581	-103882.041747419	-105278.690525	-102922.20075
MaxObsLhood	-103946.68375	-104074.244910369	-103819.122589631	-105209.677925	-102861.039
