NANC	NPOP1	NPOP2	TDIV	TPROP	MIG12	MIG21	ISO	MaxEstLhood	MaxObsLhood
132060	118682	560358	86158	0.2157634	5.48786e-06	3.68983e-06	18590	-103035.924	-102963.204
131874	114924	569353	89775	0.2847367	5.14372e-06	2.94669e-06	25562	-103934.556	-103857.919
139521	120076	569774	87968	0.2266284	5.11133e-06	3.62885e-06	19936	-104045.785	-103979.553
137049	124863	570595	89609	0.3052000	4.48553e-06	2.87476e-06	27349	-104578.186	-104508.412
129019	127382	566550	90212	0.2392548	5.51303e-06	3.44188e-06	21584	-103626.558	-103549.932
136377	119157	559715	91184	0.2475186	4.88744e-06	3.44714e-06	22570	-104182.945	-104113.739
137262	120066	560329	86660	0.2738304	4.83429e-06	3.55378e-06	23730	-103788.947	-103711.055
135393	124247	553766	92162	0.3406627	4.40091e-06	3.03433e-06	31396	-104322.323	-104261.128
138730	130809	546982	92163	0.2308952	4.87397e-06	3.50309e-06	21280	-104041.145	-103970.633
134929	129983	546144	93664	0.2183207	5.19234e-06	3.96178e-06	20449	-104402.072	-104330.449
132315	118674	553035	91842	0.3285483	4.45680e-06	2.93993e-06	30175	-103523.220	-103458.345
134662	121232	582911	87538	0.2308081	5.15303e-06	3.21760e-06	20204	-104027.841	-103960.720
137341	129361	562817	89885	0.2515729	4.56477e-06	3.34952e-06	22613	-103953.015	-103867.846
132975	118718	555936	91550	0.2486999	5.52896e-06	3.42824e-06	22768	-103987.768	-103919.277
137250	126889	557230	90171	0.2698020	5.02203e-06	3.26656e-06	24328	-104335.957	-104258.957
139245	132135	552529	89176	0.2387845	3.84848e-06	3.90293e-06	21294	-103540.140	-103460.722
130689	116132	536402	89966	0.2284422	5.04676e-06	3.99619e-06	20552	-102334.168	-102264.226
133792	122292	559133	88531	0.2615593	4.89140e-06	3.30592e-06	23156	-103802.108	-103720.554
139844	124646	562926	88256	0.2352963	4.71156e-06	3.64018e-06	20766	-104179.079	-104105.990
130352	116998	557680	91154	0.2740737	5.25583e-06	3.24807e-06	24983	-102470.246	-102406.876
137818	122611	561285	89101	0.2911069	4.69447e-06	3.10932e-06	25938	-104451.754	-104386.975
130159	125763	552923	87097	0.2157634	5.17885e-06	3.73945e-06	18792	-103144.062	-103068.583
136646	120426	553623	89944	0.2897109	4.85322e-06	3.38240e-06	26058	-104603.243	-104515.730
138341	120235	567762	91306	0.2569484	4.94568e-06	3.68588e-06	23461	-104643.968	-104564.130
131456	118205	557728	91785	0.2238944	5.58215e-06	3.67180e-06	20550	-102385.296	-102304.950
136188	129414	552923	87097	0.2157634	5.03274e-06	3.73945e-06	18792	-103673.597	-103605.468
135258	126256	558452	88503	0.2428749	5.18647e-06	3.34237e-06	21495	-103704.442	-103630.283
135107	116655	560766	91286	0.2263073	5.26015e-06	3.67962e-06	20659	-103500.582	-103425.239
135777	127941	558043	88995	0.2058605	4.96579e-06	3.69087e-06	18321	-103730.119	-103662.458
132714	124342	578189	87797	0.2429276	4.66940e-06	3.43526e-06	21328	-103258.757	-103189.865
137451	120177	554534	89213	0.2828781	4.76483e-06	3.11772e-06	25236	-103882.659	-103812.023
136081	127605	547766	90288	0.2399834	5.03576e-06	3.48326e-06	21668	-104316.789	-104250.361
135288	121082	560045	87668	0.2307981	4.89600e-06	3.63658e-06	20234	-103397.165	-103322.396
139645	116726	568236	91058	0.2840339	4.75844e-06	2.97043e-06	25863	-104710.907	-104644.413
131158	122866	569657	89825	0.2765121	4.41709e-06	3.31060e-06	24838	-103082.246	-103018.533
131274	116260	556009	90146	0.2337845	5.27686e-06	3.60609e-06	21075	-103108.475	-103038.720
142783	118737	558804	87710	0.2634701	5.31120e-06	3.25426e-06	23109	-103957.321	-103878.232
137033	124842	555992	88750	0.2963142	3.94490e-06	3.46629e-06	26298	-103253.372	-103176.490
140281	118371	566779	84167	0.2092140	5.27540e-06	3.61470e-06	17609	-103685.087	-103609.235
129318	125524	554538	89189	0.2504384	4.92030e-06	3.38745e-06	22336	-101949.239	-101882.147
131774	119987	559845	89637	0.2817237	5.23835e-06	3.34433e-06	25253	-102781.293	-102716.828
128839	118285	565630	89508	0.2469429	5.06555e-06	3.66055e-06	22103	-102299.272	-102222.231
141104	119011	550970	87995	0.2113226	5.59302e-06	3.96698e-06	18595	-103656.770	-103582.397
133855	121583	563740	91338	0.2306484	5.49631e-06	3.49204e-06	21067	-104525.359	-104447.455
133394	129016	558452	89146	0.2416554	4.54087e-06	3.92091e-06	21543	-103884.833	-103816.952
133394	120076	552923	87097	0.2157634	5.42414e-06	3.73945e-06	18792	-103103.676	-103035.887
135683	116455	565494	89691	0.2120029	5.59280e-06	3.65632e-06	19015	-103345.069	-103272.674
134840	125410	567476	89936	0.2751805	4.60468e-06	3.27439e-06	24749	-103695.382	-103630.389
136508	123146	574869	86939	0.2308839	5.46673e-06	3.05201e-06	20073	-103693.620	-103621.462
135903	116182	558058	85684	0.2220206	5.74499e-06	3.88408e-06	19024	-102691.275	-102626.899
129582	117421	553345	89997	0.2772348	5.43097e-06	3.22289e-06	24950	-103391.169	-103318.509
134448	122995	557444	90319	0.2302723	4.83675e-06	3.78965e-06	20798	-103653.123	-103576.741
134929	128480	548942	91661	0.2688051	4.57909e-06	3.40741e-06	24639	-103267.641	-103207.413
132124	131438	551137	92330	0.2467842	4.89805e-06	3.55890e-06	22786	-104042.175	-103960.003
136750	118624	561498	90310	0.2703168	5.76186e-06	3.19226e-06	24412	-103716.715	-103627.030
140947	119853	561013	84815	0.2010526	5.71917e-06	3.86365e-06	17052	-103566.438	-103506.856
138810	128143	546284	91083	0.2964618	4.32525e-06	3.04594e-06	27003	-103791.174	-103712.870
131889	131175	562178	89182	0.2431763	4.55522e-06	3.48592e-06	21687	-103375.486	-103313.978
136613	121487	558530	89661	0.2561589	4.71491e-06	3.51848e-06	22967	-104141.713	-104065.070
133240	117999	548240	90127	0.2635026	5.33580e-06	3.38129e-06	23749	-103402.354	-103317.636
136572	124048	553572	88399	0.2189415	5.73802e-06	3.48029e-06	19354	-103957.326	-103885.599
133394	120076	552923	87097	0.2157634	5.42414e-06	3.73945e-06	18792	-103667.634	-103600.412
130533	110526	548210	93253	0.2491429	5.55039e-06	3.05958e-06	23233	-102790.072	-102710.506
136493	127607	560597	90656	0.2746758	4.62180e-06	3.28873e-06	24901	-103915.236	-103824.459
138980	120076	573692	84113	0.2274250	5.24321e-06	3.24424e-06	19129	-104139.703	-104059.107
135057	125708	555187	91489	0.2536623	4.77224e-06	3.41079e-06	23207	-104201.666	-104146.523
132205	123197	561621	89831	0.2681495	4.68305e-06	3.30596e-06	24088	-104128.298	-104058.796
138336	122207	552009	90778	0.2933089	4.76268e-06	3.03129e-06	26626	-105111.319	-105031.666
135441	129724	560118	85755	0.2650439	3.74772e-06	3.53850e-06	22729	-103008.633	-102950.751
132145	119706	551422	89826	0.2193864	4.91942e-06	3.71913e-06	19707	-103615.701	-103548.095
129759	120242	559595	93041	0.2614451	5.14136e-06	2.97543e-06	24325	-103594.037	-103533.220
141228	129088	563077	90299	0.2865783	4.35857e-06	3.10827e-06	25878	-105047.075	-104962.355
132060	123586	552923	86177	0.2506225	5.20472e-06	3.32965e-06	21598	-102755.497	-102686.900
131386	122423	548513	90828	0.2365281	4.95220e-06	3.62221e-06	21483	-103531.544	-103464.669
139736	128883	566636	89797	0.2157634	5.05351e-06	3.64895e-06	19375	-104715.277	-104633.839
134728	122755	552868	88259	0.2675214	5.57062e-06	3.42702e-06	23611	-103098.831	-103032.178
129477	126369	571295	89398	0.3098608	5.04601e-06	3.00741e-06	27701	-103835.039	-103771.553
127067	123300	561105	94320	0.2456904	5.20195e-06	3.53173e-06	23173	-103900.346	-103832.823
129136	115758	553947	91468	0.1983976	5.89051e-06	3.84690e-06	18147	-103428.258	-103352.901
140598	132718	560162	85224	0.2805540	4.69459e-06	3.06757e-06	23910	-103890.354	-103813.517
130667	122669	554535	90723	0.2585184	4.82351e-06	3.13757e-06	23454	-103706.242	-103633.894
132392	118220	549940	93001	0.2617728	5.35788e-06	3.07720e-06	24345	-103987.747	-103919.263
133799	132413	557942	94308	0.3130230	3.49380e-06	3.30613e-06	29521	-104651.112	-104575.653
134338	121624	557886	90548	0.2536947	4.75871e-06	3.47817e-06	22972	-103150.807	-103080.879
134852	123598	574019	86356	0.2253631	5.08089e-06	3.94442e-06	19461	-103790.197	-103712.685
134241	127649	571176	87298	0.1874262	5.57664e-06	4.24558e-06	16362	-103226.089	-103156.577
135675	122267	554141	94076	0.3274023	4.62280e-06	3.27762e-06	30801	-104182.614	-104098.717
135606	120002	562655	91627	0.2862785	4.77052e-06	3.41214e-06	26231	-104160.029	-104079.599
133779	119331	557735	88478	0.2578916	4.75890e-06	3.33024e-06	22818	-102717.161	-102648.187
141896	123474	557917	86005	0.2458394	5.12144e-06	3.20683e-06	21144	-104074.596	-103984.813
141305	127626	547506	87723	0.2325723	4.48195e-06	3.64204e-06	20402	-104269.110	-104195.718
140683	122616	550483	89007	0.2082478	5.14194e-06	3.71871e-06	18536	-104046.958	-103978.749
138742	120076	566480	87097	0.2157634	5.42414e-06	3.64995e-06	18792	-103359.732	-103283.846
127884	119329	552009	95031	0.2657927	5.00027e-06	3.35449e-06	25259	-103632.630	-103566.842
138816	121866	562471	89005	0.2451629	5.09207e-06	3.24102e-06	21821	-103982.598	-103912.927
140216	121795	567215	85732	0.2631273	4.78373e-06	3.23244e-06	22558	-104802.888	-104717.199
137436	120076	552923	87097	0.2157634	5.42414e-06	3.73945e-06	18792	-103668.959	-103594.687
138726	129326	563909	90184	0.2495062	4.34689e-06	3.52165e-06	22502	-104462.784	-104383.351
130623	121257	567226	92471	0.3148736	4.24539e-06	2.81022e-06	29117	-104314.150	-104229.224
138117	124476	544482	89275	0.2363691	4.76157e-06	3.50453e-06	21102	-103945.578	-103869.362
