NANC	NPOP1	NPOP2	TDIV	TPROP	MIG12	MIG21	ISO	MaxEstLhood	MaxObsLhood
95954	93108	1028177	201853	0.0198399	1.19656e-05	1.19534e-05	4005	-127070.155	-126998.350
105647	95104	997359	180034	0.0149807	1.09449e-05	1.07084e-05	2697	-126210.510	-126128.735
98682	93582	1005091	191029	0.0166042	1.21116e-05	1.11486e-05	3172	-126672.841	-126597.887
98948	98329	1037537	187060	0.0204579	1.14969e-05	1.16056e-05	3827	-126738.171	-126663.484
123622	98843	1028903	165418	0.0146504	1.04007e-05	1.02234e-05	2423	-127285.241	-127196.513
102937	90311	1006177	184841	0.0177403	1.31608e-05	1.06045e-05	3279	-127244.752	-127162.392
114502	90715	1026380	180001	0.0177104	1.20734e-05	1.09041e-05	3188	-127327.381	-127239.987
114854	90209	1031160	163929	0.0145911	1.23028e-05	1.02632e-05	2392	-126569.890	-126473.054
102482	94995	1014466	187336	0.0142749	1.10969e-05	1.05991e-05	2674	-127514.353	-127437.598
106555	105889	1004297	183937	0.0150181	8.79785e-06	1.07582e-05	2762	-126913.716	-126826.207
105105	99616	1013677	187601	0.0207707	1.07761e-05	1.11955e-05	3897	-127180.724	-127098.079
113463	106900	1024153	176869	0.0171971	9.47242e-06	1.10390e-05	3042	-127564.387	-127489.357
108766	91451	997359	175971	0.0159438	1.16499e-05	1.07084e-05	2806	-125352.581	-125287.345
107790	101886	1037374	181034	0.0153088	9.74606e-06	1.10029e-05	2771	-126852.792	-126774.670
106184	98721	1007545	181162	0.0124240	1.03823e-05	1.03577e-05	2251	-127371.328	-127286.798
110544	100721	1032600	176451	0.0191784	1.04669e-05	1.08302e-05	3384	-125345.308	-125270.174
102112	105628	1001779	193846	0.0162366	9.35767e-06	1.15699e-05	3147	-125985.205	-125901.788
107536	97516	997387	181132	0.0159438	1.10606e-05	1.11546e-05	2888	-126948.345	-126860.799
107803	92529	998840	177583	0.0127370	1.15497e-05	1.04023e-05	2262	-125903.127	-125828.033
113425	98358	1021797	185538	0.0170593	1.11823e-05	1.17122e-05	3165	-127004.846	-126919.816
107102	96542	996960	198612	0.0141160	1.02265e-05	1.13022e-05	2804	-127293.713	-127226.068
115981	105346	1015072	169570	0.0147380	9.51310e-06	1.05553e-05	2499	-126794.435	-126716.896
91040	106609	1000186	216898	0.0184176	9.55824e-06	1.24755e-05	3995	-126962.117	-126889.298
105909	103162	1010676	195200	0.0149602	9.21520e-06	1.20561e-05	2920	-126449.000	-126370.137
115383	101073	1028142	176047	0.0177072	9.97917e-06	1.12843e-05	3117	-127243.563	-127166.274
114254	95954	1007333	172716	0.0166175	1.12167e-05	1.03798e-05	2870	-126345.237	-126260.789
97801	106901	979561	206408	0.0181296	9.08969e-06	1.18723e-05	3742	-126553.274	-126479.887
112410	92905	990780	181774	0.0104495	1.03004e-05	1.08471e-05	1899	-125534.486	-125454.441
113992	102115	1004050	184032	0.0186296	9.89437e-06	1.12324e-05	3428	-126966.319	-126896.304
109459	103899	1007333	182265	0.0146955	9.81774e-06	1.03542e-05	2678	-128077.670	-127989.672
116487	97135	1022918	181678	0.0111512	1.04431e-05	1.08921e-05	2026	-127302.964	-127230.105
101214	107490	980167	191833	0.0158441	9.11619e-06	1.10811e-05	3039	-126455.459	-126382.439
115856	96182	997359	170594	0.0205001	1.17377e-05	1.07084e-05	3497	-126753.869	-126674.488
102485	84058	1023453	187697	0.0131708	1.36055e-05	9.81947e-06	2472	-127464.222	-127380.158
107562	97444	998233	182270	0.0148428	1.09688e-05	1.08087e-05	2705	-126681.044	-126612.771
110788	102035	1002155	192325	0.0141950	9.45489e-06	1.15048e-05	2730	-126647.288	-126568.815
115589	105118	1014442	181002	0.0119352	8.79825e-06	1.08575e-05	2160	-127306.096	-127224.849
100325	108422	997010	191214	0.0130276	8.40175e-06	1.14041e-05	2491	-125954.412	-125879.402
109516	95731	1023053	187456	0.0152276	1.10939e-05	1.05192e-05	2855	-126729.260	-126650.417
111530	105350	1006663	180852	0.0101957	8.95010e-06	1.05667e-05	1844	-126765.272	-126679.610
109684	104204	996491	180508	0.0159152	9.63419e-06	1.08245e-05	2873	-126921.280	-126843.645
112704	97464	1022060	179774	0.0106527	9.65470e-06	1.05848e-05	1915	-126242.592	-126170.872
108935	97947	1001190	181202	0.0173796	1.10254e-05	1.07534e-05	3149	-126762.726	-126677.801
96606	104309	986025	194675	0.0179294	9.67639e-06	1.04759e-05	3490	-126941.995	-126859.864
111674	91451	997359	175971	0.0159438	1.21477e-05	1.04578e-05	2806	-126180.745	-126104.468
103370	99626	1000646	195608	0.0158835	1.05313e-05	1.11362e-05	3107	-127262.681	-127179.236
110007	100407	1007333	187369	0.0126040	1.00065e-05	1.07083e-05	2362	-127506.710	-127414.148
107124	100985	1017134	183629	0.0138849	9.68427e-06	1.05222e-05	2550	-127017.195	-126918.842
115519	100871	1010622	169090	0.0171782	1.01946e-05	1.04533e-05	2905	-126456.507	-126374.077
121523	108713	1007420	171826	0.0175981	8.95455e-06	1.10360e-05	3024	-127344.181	-127258.416
104438	99776	1017746	187918	0.0154127	1.03902e-05	1.08251e-05	2896	-127910.626	-127829.752
109305	105561	1014255	190604	0.0125416	8.77694e-06	1.09984e-05	2390	-127541.792	-127449.900
101303	98591	1022831	186593	0.0138301	1.02233e-05	1.04145e-05	2581	-127184.288	-127111.524
107090	100318	1011646	177654	0.0106900	9.29385e-06	1.03698e-05	1899	-126170.006	-126092.487
91130	104679	1033004	207695	0.0174213	9.32872e-06	1.18565e-05	3618	-126454.311	-126382.658
104389	97903	1014910	191499	0.0135368	1.10200e-05	1.10363e-05	2592	-126841.373	-126774.372
113955	97527	1011869	178949	0.0137652	1.07930e-05	1.11677e-05	2463	-126851.787	-126754.633
103366	102306	1016481	188986	0.0158077	9.16248e-06	1.12740e-05	2987	-125939.208	-125851.952
115428	96497	1008209	166090	0.0137468	9.96359e-06	9.72208e-06	2283	-125586.783	-125509.971
103255	98854	1008837	182122	0.0110424	9.74237e-06	1.09387e-05	2011	-125700.632	-125617.917
107665	105397	1033313	178084	0.0179567	9.47634e-06	1.06788e-05	3198	-126869.435	-126798.624
114200	102599	1027415	171015	0.0125064	9.13037e-06	1.04678e-05	2139	-126287.551	-126205.342
115046	102465	1012380	180820	0.0201306	1.04350e-05	1.12825e-05	3640	-127794.914	-127714.628
99303	94884	1034578	206247	0.0134248	1.05075e-05	1.21100e-05	2769	-126214.746	-126135.175
102720	99891	998191	185127	0.0172592	1.06707e-05	1.12939e-05	3195	-126580.768	-126498.518
108588	101184	998208	190330	0.0185381	1.07627e-05	1.12529e-05	3528	-128037.324	-127949.639
102130	100509	1028643	179797	0.0179493	1.11241e-05	1.07323e-05	3227	-126606.020	-126537.398
92468	96119	1023218	207957	0.0163995	1.06779e-05	1.17299e-05	3410	-126480.766	-126403.273
115234	105059	997359	183331	0.0136768	9.05226e-06	1.07084e-05	2507	-128328.331	-128243.747
107802	108094	1016031	182515	0.0167466	9.24636e-06	1.12586e-05	3057	-126836.555	-126763.960
95096	98628	997359	194022	0.0159438	1.05361e-05	1.07084e-05	3093	-125681.229	-125617.596
105714	95775	1046788	181157	0.0218068	1.24472e-05	1.21339e-05	3950	-125974.225	-125906.205
115952	109542	1032395	170744	0.0168781	9.18067e-06	1.12168e-05	2882	-126877.658	-126806.108
107417	99111	997160	173934	0.0144739	1.01710e-05	1.04107e-05	2518	-125003.182	-124921.594
110050	94009	1015749	172338	0.0153044	1.18212e-05	1.03408e-05	2638	-126355.486	-126279.142
110598	99647	1012591	190711	0.0192593	1.05725e-05	1.19133e-05	3673	-126917.905	-126837.209
121163	97021	1026439	170107	0.0171463	1.13419e-05	1.07090e-05	2917	-127335.251	-127241.192
115277	95983	1025066	162748	0.0150133	1.06993e-05	9.39459e-06	2443	-126913.854	-126834.563
101830	99249	970569	195412	0.0122332	9.54528e-06	1.08444e-05	2391	-126487.664	-126402.546
115660	102983	1006388	176507	0.0177987	9.86911e-06	1.05751e-05	3142	-127600.972	-127510.474
100892	98599	982300	189666	0.0171145	1.07858e-05	1.12036e-05	3246	-124994.706	-124915.036
103470	93032	1008890	182613	0.0131965	1.10135e-05	1.02268e-05	2410	-125994.570	-125918.142
101459	91767	1016199	192649	0.0146348	1.13302e-05	1.14630e-05	2819	-126546.508	-126450.339
103604	99672	1035598	181208	0.0109585	9.37958e-06	1.07085e-05	1986	-126334.735	-126258.925
118304	89319	1008696	168192	0.0155593	1.18909e-05	9.63154e-06	2617	-126587.349	-126498.241
103206	97173	987714	195325	0.0128486	1.06918e-05	1.12111e-05	2510	-127354.116	-127271.666
104315	98559	1010805	190395	0.0139152	1.08391e-05	1.10920e-05	2649	-127397.035	-127318.318
113503	91854	1028076	170300	0.0088307	1.14423e-05	1.01321e-05	1504	-125982.314	-125915.670
105482	110675	1017728	204278	0.0135814	8.39484e-06	1.21013e-05	2774	-127407.244	-127322.958
109335	92131	1032001	189080	0.0177728	1.21781e-05	1.13195e-05	3360	-127503.530	-127415.756
97949	93087	1007094	194852	0.0133201	1.10705e-05	1.09521e-05	2595	-126370.163	-126292.343
108381	97748	1007419	191776	0.0108320	1.04124e-05	1.02819e-05	2077	-127860.282	-127783.409
110711	93900	1028576	197631	0.0139254	1.13405e-05	1.22593e-05	2752	-127243.302	-127157.379
123214	102858	1032668	172981	0.0191309	1.01043e-05	1.13570e-05	3309	-127478.708	-127388.994
110426	95308	1019095	175971	0.0149027	1.12019e-05	9.85785e-06	2622	-126598.796	-126529.569
111326	97311	997359	180540	0.0100832	1.03450e-05	1.04578e-05	1820	-126788.069	-126716.575
106502	98780	1019041	195777	0.0136928	9.64729e-06	1.12693e-05	2681	-127324.574	-127243.226
98892	102399	1003480	203672	0.0185506	1.06637e-05	1.18551e-05	3778	-127460.060	-127391.091
105810	102453	1050749	182790	0.0115288	8.73791e-06	1.10496e-05	2107	-126646.313	-126572.080
108396	99861	1026950	181796	0.0177366	1.05274e-05	1.08402e-05	3224	-127373.676	-127290.823
