Parameter	mean	lower_CI	upper_CI	lower_quantile_CI.2.5%	upper_quantile_CI.97.5%
NANC	132886.99	132104.800340308	133669.179659692	124974.175	141038.925
NPOP1	69344.28	68379.9542186417	70308.6057813583	60768.125	78599.725
NPOP2	574022.65	571413.232641467	576632.067358533	549385.05	598100.15
TDIV	107870.83	106802.390502141	108939.269497859	97200.175	118135.275
TPROP	0.00676870952	0.0059087167280935	0.0076287023119065	0.0006432091	0.0140940475
MIG12	0.000023676749	0.0000231768409423417	0.0000241766570576583	0.00001858351	0.0000287094925
MIG21	0.0000100930238	0.00000991751709573611	0.0000102685305042639	0.00000826546675	0.0000118879125
ISO	727.76	637.026237007592	818.493762992408	68.55	1498.55
MaxEstLhood	-84382.86748	-84477.9378989678	-84287.7970610322	-85345.686225	-83576.13435
MaxObsLhood	-84327.57258	-84422.5463151728	-84232.5988448272	-85287.387075	-83524.661825
