NANC	NPOP1	NPOP2	TDIV	TPROP	MIG12	MIG21	ISO	MaxEstLhood	MaxObsLhood
125970	81851	1014116	159708	0.0221505	1.53986e-05	1.00516e-05	3538	-126964.692	-126892.619
108406	81181	992438	185260	0.0172117	1.42409e-05	1.02917e-05	3189	-126786.523	-126706.640
112147	76620	1020768	176659	0.0120515	1.46063e-05	9.32651e-06	2129	-128119.354	-128040.841
119367	77327	1005781	163847	0.0165206	1.52661e-05	8.78175e-06	2707	-126379.906	-126297.263
91879	75564	1020957	198436	0.0194619	1.73549e-05	1.14219e-05	3862	-127121.287	-127048.547
111265	78940	1014645	181630	0.0149427	1.47808e-05	1.00544e-05	2714	-128071.043	-127990.689
104721	73739	1033729	186354	0.0183664	1.74124e-05	1.03276e-05	3423	-127844.028	-127767.792
115260	89871	1018876	175172	0.0129558	1.08676e-05	9.93624e-06	2269	-126895.415	-126817.027
113937	77502	985766	167166	0.0198209	1.63900e-05	9.41662e-06	3313	-125985.341	-125902.747
108140	83953	1024907	187643	0.0181024	1.28410e-05	1.06875e-05	3397	-126581.934	-126512.682
120769	86076	1013995	176684	0.0146573	1.15999e-05	1.05405e-05	2590	-126966.157	-126889.382
119263	82759	1025997	175431	0.0153429	1.31440e-05	9.94044e-06	2692	-127395.429	-127324.841
106444	76981	1047436	177337	0.0177927	1.51690e-05	1.01682e-05	3155	-126866.572	-126782.987
103598	79076	1036050	189441	0.0221517	1.55115e-05	1.10237e-05	4196	-127615.514	-127542.543
115749	81292	1011799	171836	0.0161740	1.48366e-05	1.01575e-05	2779	-126823.788	-126727.827
124696	73751	1031927	158952	0.0148692	1.51337e-05	8.68245e-06	2363	-127401.652	-127322.991
116048	74750	1015737	170421	0.0201355	1.67295e-05	9.42329e-06	3432	-127807.636	-127709.243
121736	79335	1025789	157055	0.0196303	1.47282e-05	9.08773e-06	3083	-126568.887	-126502.256
119794	83865	1006310	173020	0.0217554	1.41449e-05	1.09035e-05	3764	-126834.769	-126763.391
116550	80423	1025895	169500	0.0171564	1.41269e-05	9.55742e-06	2908	-128344.316	-128262.388
106931	76181	1026072	182186	0.0165647	1.59292e-05	1.06770e-05	3018	-126130.788	-126054.687
121301	80222	1010146	165889	0.0194860	1.44336e-05	9.35549e-06	3233	-127371.857	-127299.014
121745	79892	1039422	168012	0.0207463	1.60616e-05	1.05819e-05	3486	-127247.032	-127167.762
118804	78214	1042608	166579	0.0229704	1.61551e-05	1.07866e-05	3826	-126380.128	-126307.245
113442	78846	1025895	174344	0.0161894	1.53955e-05	9.68961e-06	2823	-127318.410	-127240.587
118721	80683	1048666	169777	0.0167641	1.45437e-05	9.37651e-06	2846	-128376.486	-128293.727
114076	77541	1023667	169414	0.0181332	1.55819e-05	9.63010e-06	3072	-126405.735	-126338.564
113804	81414	1029406	175463	0.0181031	1.47439e-05	1.02436e-05	3176	-127885.416	-127809.224
115942	79745	1005781	171608	0.0123587	1.38614e-05	9.45431e-06	2121	-126728.391	-126651.798
108344	74499	1063185	175101	0.0173694	1.65852e-05	9.42077e-06	3041	-127323.719	-127255.865
105838	84734	1014810	191150	0.0150687	1.22558e-05	1.05017e-05	2880	-127374.320	-127290.617
121848	81418	1025895	162903	0.0168701	1.37711e-05	9.27692e-06	2748	-127231.573	-127155.487
111715	75378	1004197	165343	0.0204019	1.71350e-05	9.66266e-06	3373	-126185.408	-126106.025
110056	84583	1026444	176423	0.0192023	1.33117e-05	9.92597e-06	3388	-127217.175	-127131.507
101279	82582	1042715	192027	0.0201541	1.36147e-05	1.12492e-05	3870	-126114.245	-126033.545
118535	81359	1037605	171340	0.0148596	1.40772e-05	9.66563e-06	2546	-127919.835	-127843.433
109916	82601	1025997	177272	0.0189506	1.39395e-05	1.01208e-05	3359	-127224.987	-127147.642
117708	77902	1018846	165577	0.0158886	1.50355e-05	9.23925e-06	2631	-126357.580	-126288.354
114974	73723	1017892	178946	0.0166159	1.69698e-05	1.01583e-05	2973	-127989.963	-127910.820
108968	83082	989886	188920	0.0123295	1.19121e-05	9.83083e-06	2329	-127088.600	-127003.987
110480	77799	1042876	166876	0.0165264	1.59267e-05	9.41904e-06	2758	-127230.158	-127155.264
100926	77080	1024989	191126	0.0129316	1.42317e-05	1.00855e-05	2472	-127485.535	-127403.364
113622	78264	1021044	185652	0.0193924	1.49194e-05	1.12010e-05	3600	-127050.345	-126968.252
125769	83774	1026074	171805	0.0206704	1.33767e-05	1.10412e-05	3551	-127482.202	-127392.160
116115	76424	1023629	165842	0.0188400	1.63329e-05	9.96087e-06	3124	-127067.428	-126983.259
106722	83057	1028886	181150	0.0190347	1.44473e-05	1.01404e-05	3448	-126742.883	-126670.720
106930	83926	1027136	187354	0.0220639	1.44220e-05	1.11583e-05	4134	-127328.306	-127248.267
108107	88360	1016315	178881	0.0167780	1.18393e-05	1.03354e-05	3001	-126557.494	-126477.573
114880	69821	1057228	162023	0.0168406	1.86537e-05	9.21245e-06	2729	-127058.736	-126963.694
110943	81722	1004730	170999	0.0150326	1.41034e-05	9.17755e-06	2571	-126875.667	-126807.584
128063	80711	1017311	162395	0.0124029	1.34378e-05	8.83179e-06	2014	-128416.416	-128328.461
112065	76008	1022834	171347	0.0180458	1.66412e-05	9.55190e-06	3092	-127108.617	-127026.461
122734	73810	1033854	157158	0.0182329	1.63794e-05	8.70193e-06	2865	-127643.546	-127565.641
117492	72301	1039619	172062	0.0097887	1.53408e-05	9.13210e-06	1684	-128023.961	-127940.348
122490	94854	990905	170151	0.0213233	1.14636e-05	1.03142e-05	3628	-126571.681	-126480.185
116537	70814	1016561	161735	0.0169686	1.82869e-05	8.86981e-06	2744	-127025.111	-126943.692
117435	79731	1030016	163355	0.0177471	1.55060e-05	9.01802e-06	2899	-127185.451	-127121.268
112809	80344	1005781	168903	0.0177471	1.47661e-05	9.45431e-06	2998	-126844.330	-126764.100
110874	76081	1006730	176491	0.0161524	1.59276e-05	9.53463e-06	2851	-126746.140	-126678.200
126444	84032	1014535	161637	0.0175525	1.36855e-05	9.96901e-06	2837	-126995.409	-126915.936
115745	76710	1028002	168726	0.0149365	1.53440e-05	9.95045e-06	2520	-126861.133	-126788.123
114051	65473	1029576	163482	0.0180492	1.96303e-05	8.98953e-06	2951	-126378.167	-126311.437
113556	75039	1036655	165668	0.0165032	1.61097e-05	8.93030e-06	2734	-126541.354	-126461.902
110211	73640	1035049	170536	0.0160280	1.72769e-05	9.88249e-06	2733	-127600.601	-127525.031
113540	72164	1050441	172847	0.0156167	1.60734e-05	9.41111e-06	2699	-126985.632	-126914.789
114788	80281	1005153	170438	0.0156588	1.39236e-05	9.18007e-06	2669	-127274.020	-127196.943
115264	78766	1058942	176784	0.0192233	1.53118e-05	1.02730e-05	3398	-127836.719	-127749.684
115512	77719	1035422	176126	0.0178363	1.52460e-05	1.02183e-05	3141	-127625.412	-127558.442
114720	82548	1034503	163507	0.0144862	1.25369e-05	9.56380e-06	2369	-126239.854	-126155.071
106980	80985	1027540	194643	0.0180846	1.40589e-05	1.07389e-05	3520	-127373.706	-127292.751
111310	82407	996783	177405	0.0166721	1.32786e-05	9.68234e-06	2958	-126156.348	-126077.310
115059	75425	1013722	161481	0.0163828	1.63307e-05	9.02859e-06	2646	-126881.477	-126801.661
109546	84861	1002610	185992	0.0149925	1.23961e-05	1.03759e-05	2788	-125870.487	-125792.190
116232	74757	1032813	176745	0.0160755	1.60702e-05	1.01404e-05	2841	-128114.613	-128033.995
120031	81976	1006042	165679	0.0199494	1.53398e-05	9.45439e-06	3305	-127190.001	-127117.836
122763	75893	1047960	163498	0.0189977	1.58756e-05	9.72471e-06	3106	-127859.161	-127771.747
99019	81378	1019741	205785	0.0150297	1.29132e-05	1.14932e-05	3093	-127185.296	-127091.637
91764	87087	1003729	214584	0.0164570	1.22641e-05	1.13143e-05	3531	-127354.178	-127282.882
114899	76788	1006107	159327	0.0167190	1.57779e-05	8.67215e-06	2664	-126350.154	-126271.605
102911	85354	1007389	193348	0.0133966	1.26498e-05	1.01743e-05	2590	-127576.864	-127500.267
121871	75340	1035899	162862	0.0153551	1.63961e-05	9.22785e-06	2501	-128004.737	-127908.070
123023	75030	1031300	158340	0.0197684	1.72504e-05	9.64444e-06	3130	-126756.271	-126671.652
104053	83797	1033409	193824	0.0169195	1.33518e-05	1.10723e-05	3279	-127076.054	-126997.366
121942	80296	1026596	162452	0.0179779	1.42233e-05	9.41100e-06	2921	-127198.619	-127117.053
107844	73931	1027098	170117	0.0188826	1.71893e-05	9.15333e-06	3212	-127219.639	-127144.335
119706	78469	1017871	173689	0.0132882	1.39061e-05	9.35128e-06	2308	-128055.957	-127965.409
114062	76998	1035567	165978	0.0189535	1.55657e-05	9.18237e-06	3146	-126594.149	-126515.547
114197	80415	1016662	164989	0.0163657	1.42612e-05	8.97449e-06	2700	-126567.178	-126488.405
119306	81208	1015814	171917	0.0188373	1.49406e-05	1.03331e-05	3238	-126985.549	-126913.380
109042	75674	1042636	173042	0.0146421	1.61142e-05	9.45179e-06	2534	-127016.232	-126936.372
101618	87424	1013670	194383	0.0163090	1.22132e-05	1.03911e-05	3170	-127229.792	-127144.619
119166	83833	1023788	165163	0.0222143	1.42093e-05	9.66685e-06	3669	-127582.355	-127510.442
115095	69013	1029988	160394	0.0171594	1.73253e-05	9.49957e-06	2752	-125948.758	-125861.957
111626	85492	1028919	178799	0.0141134	1.21622e-05	1.02061e-05	2523	-127480.447	-127393.295
112609	79489	1032458	175704	0.0215842	1.61006e-05	9.88808e-06	3792	-128338.914	-128255.349
118293	78233	1025997	161721	0.0173850	1.53651e-05	9.08902e-06	2812	-126757.575	-126657.803
110353	76094	1009663	187583	0.0114648	1.39260e-05	1.02603e-05	2151	-127223.195	-127144.412
112886	75385	1058098	170017	0.0220764	1.81243e-05	9.97417e-06	3753	-127575.309	-127504.734
123103	78016	1023864	158803	0.0150867	1.47640e-05	8.42066e-06	2396	-128273.458	-128190.941
108320	76764	1053519	173321	0.0191304	1.61265e-05	1.02811e-05	3316	-126824.757	-126744.128
