NANC	NPOP1	NPOP2	TDIV	TPROP	MIG12	MIG21	ISO	MaxEstLhood	MaxObsLhood
126840	126682	542047	93613	0.2669865	5.39407e-06	3.55880e-06	24993	-103952.905	-103885.996
125081	130295	561374	89419	0.2999869	5.13735e-06	3.36829e-06	26825	-103365.781	-103301.200
129615	125077	561146	90821	0.2708275	5.89761e-06	3.38471e-06	24597	-104054.727	-103994.219
131139	122351	566322	87822	0.2418367	5.29634e-06	3.78999e-06	21239	-103307.238	-103250.166
129855	133898	555545	90317	0.2729468	5.01412e-06	3.64339e-06	24652	-104810.183	-104728.331
124460	121269	564381	93687	0.3539027	5.16843e-06	3.34843e-06	33156	-103999.679	-103928.305
124551	134233	549559	94941	0.2586742	5.25451e-06	3.53975e-06	24559	-104560.970	-104507.682
126138	125315	548453	89791	0.2644146	5.00669e-06	3.69684e-06	23742	-102868.901	-102806.433
125289	128005	568688	92640	0.2217065	5.62808e-06	3.68659e-06	20539	-104146.446	-104096.632
124008	123308	559369	96444	0.2702132	5.49065e-06	3.75762e-06	26061	-104712.144	-104636.809
132918	134577	569724	92717	0.2584549	4.97912e-06	3.34974e-06	23963	-106395.602	-106319.709
122860	131218	549619	92077	0.2537441	5.21782e-06	3.80037e-06	23364	-103118.770	-103042.405
124734	127516	576430	92461	0.2397424	5.46992e-06	3.63707e-06	22167	-104295.055	-104237.902
125996	121399	560717	94636	0.3027194	5.12338e-06	3.24873e-06	28648	-104413.928	-104350.093
126316	128537	560024	93673	0.3199857	4.77561e-06	3.36534e-06	29974	-104822.602	-104759.940
127999	124995	549669	91887	0.2431909	6.06114e-06	3.81415e-06	22346	-104360.698	-104283.911
131067	129029	544172	90885	0.2397424	5.49287e-06	3.62859e-06	21789	-103526.422	-103474.110
125768	128921	545721	90260	0.2418471	5.09226e-06	3.97989e-06	21829	-103755.692	-103682.868
121137	123666	541590	94327	0.2583228	5.68162e-06	3.51710e-06	24367	-103175.654	-103113.868
126206	129459	555201	92926	0.2185499	5.38783e-06	4.17913e-06	20309	-103959.740	-103901.953
123800	130567	566816	90945	0.2943169	4.74392e-06	3.35076e-06	26767	-103476.208	-103408.460
124791	128583	542389	95705	0.2279295	6.02120e-06	4.06382e-06	21814	-104906.279	-104846.212
125942	126273	541058	92513	0.2601817	5.36043e-06	3.50197e-06	24070	-103712.087	-103637.897
126320	133332	563853	93217	0.3191420	4.70684e-06	3.28482e-06	29749	-105287.849	-105215.462
133428	130655	555825	89764	0.2637552	5.21108e-06	3.68663e-06	23676	-104521.204	-104456.649
130521	127393	554527	90501	0.2838104	5.24433e-06	3.53648e-06	25685	-104940.211	-104872.880
123893	123358	547494	96521	0.2435555	5.76198e-06	3.69537e-06	23508	-104283.349	-104226.300
119277	125255	555773	97941	0.3086289	5.05887e-06	3.30814e-06	30227	-103576.088	-103521.146
121167	132354	551992	95177	0.2522147	4.72450e-06	3.60125e-06	24005	-104497.985	-104426.676
129037	131868	573974	84805	0.2459950	5.34648e-06	3.51092e-06	20862	-103544.462	-103485.649
129366	126428	552681	90045	0.2360976	5.97600e-06	3.66669e-06	21259	-103829.660	-103775.539
130876	139475	558655	90294	0.2500846	4.08930e-06	4.03314e-06	22581	-104867.677	-104801.753
125994	131884	560717	88718	0.2318322	5.28877e-06	3.73900e-06	20568	-103164.313	-103115.598
124615	123123	553646	92695	0.2437530	5.51565e-06	3.71318e-06	22595	-103770.106	-103703.116
127935	121948	554285	92269	0.2881915	4.78831e-06	3.25659e-06	26591	-104092.434	-104047.697
125177	124789	552650	89990	0.2306972	6.02042e-06	3.53395e-06	20760	-103797.939	-103736.497
120858	132136	563019	95759	0.2543238	5.03652e-06	3.40989e-06	24354	-104115.210	-104053.294
125256	121292	574886	87585	0.2545148	5.38819e-06	3.74111e-06	22292	-104002.696	-103942.441
130125	131625	564417	89632	0.2306837	5.59676e-06	3.71496e-06	20677	-104762.298	-104685.216
122471	123467	564255	92786	0.2945513	5.20857e-06	3.59212e-06	27330	-103184.992	-103135.739
129127	130012	552309	88362	0.2994846	4.78874e-06	3.21359e-06	26463	-103483.814	-103413.197
126368	122790	562496	91152	0.2887904	5.19345e-06	3.43631e-06	26324	-104063.483	-104005.202
118895	125991	549126	94772	0.2646767	4.69210e-06	4.00789e-06	25084	-102856.678	-102786.150
121066	131712	547203	96251	0.2531636	5.11764e-06	3.79772e-06	24367	-104552.907	-104482.926
125254	126206	568670	89730	0.3328252	4.45334e-06	3.26549e-06	29864	-103378.008	-103304.147
124657	130079	549419	93092	0.2979850	5.09334e-06	3.60952e-06	27740	-103566.264	-103501.864
125466	129352	565776	91333	0.2585925	4.72850e-06	3.92738e-06	23618	-104100.921	-104036.476
128714	133941	558834	90772	0.3507916	3.70936e-06	3.31547e-06	31842	-103774.628	-103720.272
126275	124421	580492	93562	0.3219129	5.12294e-06	2.95487e-06	30119	-104610.235	-104533.203
125946	130844	545927	90477	0.2923820	4.65545e-06	3.75678e-06	26454	-104015.166	-103967.859
123138	129324	551334	97335	0.2819592	5.41408e-06	3.22349e-06	27445	-104219.741	-104162.320
125837	123464	549614	92704	0.2576995	5.99033e-06	3.28499e-06	23890	-103957.932	-103893.888
127127	126557	570506	86497	0.3001259	5.12671e-06	3.46883e-06	25960	-103100.117	-103046.504
124923	136950	555166	91860	0.2707085	4.64473e-06	3.85159e-06	24867	-103868.498	-103795.735
127229	117773	562842	91832	0.2397424	5.91624e-06	3.75414e-06	22016	-103743.627	-103676.212
125065	125228	563290	92977	0.2345092	5.35525e-06	3.71436e-06	21804	-104343.752	-104290.190
130372	124866	553443	91775	0.2923511	4.79177e-06	3.10832e-06	26830	-104250.246	-104186.232
122371	123442	557731	95405	0.2700208	5.74991e-06	3.41093e-06	25761	-103401.702	-103346.686
131022	128349	564879	88718	0.2265356	5.43442e-06	4.08811e-06	20098	-103990.805	-103925.996
130657	129675	555166	90810	0.2497092	5.56478e-06	3.59838e-06	22676	-104218.443	-104154.701
124853	134214	555006	94151	0.2991570	5.01484e-06	3.11785e-06	28166	-105268.568	-105203.285
133783	131062	555727	88718	0.2397424	5.32195e-06	3.77257e-06	21269	-104349.608	-104291.523
127121	123662	565461	90785	0.2635284	5.20780e-06	3.53822e-06	23924	-103430.048	-103378.277
122364	125529	557880	98227	0.2357659	5.96326e-06	3.67985e-06	23158	-104777.906	-104718.026
133050	135890	550216	93345	0.2691888	4.56792e-06	3.51110e-06	25127	-105476.571	-105408.558
135791	131121	564196	87416	0.2486740	5.45880e-06	3.73446e-06	21738	-104978.123	-104918.714
133480	127507	556479	90535	0.2312498	5.58562e-06	3.82504e-06	20936	-104247.575	-104181.223
130228	128348	556741	92193	0.2475538	5.49827e-06	3.55093e-06	22823	-104382.399	-104317.378
128480	124958	549018	94326	0.2613400	5.34365e-06	3.38454e-06	24651	-104736.681	-104683.769
127254	126891	555166	91568	0.2472703	5.18852e-06	3.61442e-06	22642	-103358.788	-103296.476
125853	120580	550375	95388	0.3222496	5.30296e-06	3.08110e-06	30739	-104371.693	-104301.445
127034	127507	556120	93847	0.2659270	5.66199e-06	3.37718e-06	24956	-105152.656	-105081.408
128609	127111	562752	88302	0.2654442	4.51515e-06	3.71453e-06	23439	-103073.730	-103016.124
124793	124867	557089	90152	0.2631240	5.14058e-06	3.41267e-06	23721	-103986.690	-103922.918
124809	123889	554064	95194	0.3016683	4.78750e-06	3.60519e-06	28717	-104125.507	-104055.957
126972	125799	549129	90309	0.2832707	4.76385e-06	3.81492e-06	25582	-103731.631	-103656.139
124654	130308	566325	86953	0.2545223	5.34305e-06	3.70198e-06	22131	-103212.576	-103145.665
129915	127337	560424	87079	0.2589362	5.02175e-06	3.88221e-06	22548	-103359.448	-103292.055
128184	129650	547756	91396	0.2546262	5.09302e-06	3.75254e-06	23272	-103423.161	-103374.245
120288	126306	541105	96368	0.3228049	4.72287e-06	3.13797e-06	31108	-103941.528	-103871.966
122757	124953	552924	94734	0.3295978	4.77190e-06	3.35548e-06	31224	-104281.630	-104224.871
118960	129895	547688	97909	0.3077894	4.71374e-06	3.40225e-06	30135	-104247.100	-104184.864
124914	127870	554308	91175	0.2828808	4.97677e-06	3.32524e-06	25792	-103334.714	-103256.758
126007	122974	547474	95219	0.4028686	5.13280e-06	2.88317e-06	38361	-103762.042	-103690.952
129489	118630	552028	90785	0.2635725	6.20132e-06	3.60260e-06	23928	-103796.273	-103721.343
130052	127079	544172	86571	0.2397424	5.48875e-06	3.85268e-06	20755	-102981.111	-102921.393
123501	129607	564394	91260	0.2495443	5.09843e-06	3.83275e-06	22773	-103085.508	-103022.341
124820	125522	547282	91031	0.2792337	5.10788e-06	3.64169e-06	25419	-103117.896	-103057.047
127719	124087	550551	92079	0.2706061	5.47357e-06	3.58134e-06	24917	-103510.784	-103459.308
120374	134358	559044	95544	0.2813573	4.96474e-06	3.47894e-06	26882	-104093.344	-104036.439
124390	127731	554763	89678	0.2327357	5.85701e-06	3.68753e-06	20871	-103944.586	-103883.967
123999	134281	552349	94643	0.3281380	3.94749e-06	3.62773e-06	31056	-103874.980	-103805.351
127254	124995	549669	91413	0.2397424	5.58025e-06	3.81415e-06	21916	-104506.130	-104455.508
127127	121689	561715	90638	0.2394211	5.97427e-06	3.70408e-06	21701	-103437.063	-103379.775
119872	125789	548167	93138	0.2441137	5.05534e-06	3.89576e-06	22736	-102568.442	-102517.102
128629	127594	542723	94344	0.2806132	5.06221e-06	3.31939e-06	26474	-104237.041	-104166.029
122516	124659	552688	96565	0.3063244	5.05367e-06	3.19695e-06	29580	-104467.619	-104414.015
123419	130233	561140	95083	0.2477007	5.32895e-06	3.88345e-06	23552	-104678.594	-104616.546
131705	129447	548046	89367	0.2645532	4.59271e-06	3.33668e-06	23642	-104494.075	-104427.197
121971	132950	548526	93187	0.2567183	4.93549e-06	3.74595e-06	23923	-103759.366	-103685.905
