NANC	NPOP1	NPOP2	TDIV	TPROP	MIG12	MIG21	ISO	MaxEstLhood	MaxObsLhood
133745	65234	594225	109263	0.0076570	2.44092e-05	9.52454e-06	837	-85409.543	-85361.518
136984	60797	592417	98881	0.0087642	2.88661e-05	1.03268e-05	867	-83606.106	-83544.160
134062	64904	595492	104029	0.0103099	2.71823e-05	1.04650e-05	1073	-84463.927	-84409.097
133842	65116	578489	105142	0.0095633	2.57292e-05	9.78362e-06	1006	-84756.556	-84705.983
131843	76167	570942	106919	0.0062173	2.15828e-05	9.76848e-06	665	-84276.892	-84228.516
132348	77329	581507	109170	0.0075029	2.00824e-05	1.07137e-05	819	-85310.874	-85255.938
133629	75994	557247	107879	9.25254e-04	2.15722e-05	1.08190e-05	100	-84039.326	-83978.550
135383	77356	554615	103175	0.0012436	1.82588e-05	9.93512e-06	128	-83767.700	-83705.229
137269	65537	553796	109028	0.0066616	2.54154e-05	1.03743e-05	726	-85022.094	-84963.312
136039	74437	567097	114553	0.0080445	2.11079e-05	1.19955e-05	922	-83813.289	-83755.232
133775	64620	593891	97312	0.0140479	3.00371e-05	9.63883e-06	1367	-84074.183	-84017.737
131084	74832	574956	111141	0.0111694	2.06331e-05	1.13100e-05	1241	-84785.342	-84733.388
131235	65427	569043	103564	0.0011910	2.50073e-05	8.10949e-06	123	-83927.827	-83878.001
130538	65201	570942	106919	0.0084021	2.55324e-05	1.00880e-05	898	-83850.795	-83792.438
133242	72191	545170	116636	2.26362e-04	2.12925e-05	1.02637e-05	26	-84976.056	-84919.413
136953	70783	589199	101306	0.0033817	2.17585e-05	9.79298e-06	343	-84166.087	-84108.138
128756	66182	570839	114564	0.0075709	2.47672e-05	1.14340e-05	867	-84089.452	-84038.858
123384	75620	547600	117042	0.0105047	2.29581e-05	1.09338e-05	1229	-84090.265	-84038.250
131631	80448	551358	116273	0.0042729	1.92196e-05	1.22718e-05	497	-84928.925	-84867.443
132868	66994	555174	109001	0.0021541	2.28393e-05	9.48398e-06	235	-83751.488	-83702.846
138128	67249	582023	108632	0.0095930	2.43241e-05	1.12100e-05	1042	-84552.719	-84500.595
126028	63891	573533	110670	0.0011022	2.41813e-05	8.47889e-06	122	-84221.739	-84163.778
124778	75814	565028	112331	0.0071660	2.13205e-05	1.05747e-05	805	-83560.751	-83510.874
133440	71466	544107	112021	0.0029144	2.19744e-05	1.04674e-05	326	-84528.991	-84464.179
132144	66437	560275	114649	0.0045666	2.45913e-05	9.92944e-06	524	-85094.240	-85039.068
130898	77116	552006	114026	0.0071870	2.06839e-05	1.09370e-05	820	-84258.766	-84211.635
133453	69037	561063	106689	0.0016923	2.21954e-05	9.80776e-06	181	-84241.519	-84186.280
129523	72271	561835	107000	0.0052992	2.28937e-05	9.06948e-06	567	-84078.155	-84029.119
132915	73882	565724	113082	0.0069644	2.12800e-05	1.17690e-05	788	-84730.428	-84672.757
134613	65893	570942	106919	0.0084021	2.52642e-05	1.00880e-05	898	-84231.012	-84178.000
129233	67182	583673	106919	0.0084021	2.47795e-05	9.86800e-06	898	-84073.451	-84019.526
133399	69431	573463	111412	0.0192256	2.56649e-05	1.12493e-05	2142	-84453.831	-84396.189
132263	71306	598597	107453	0.0085549	2.24649e-05	1.07063e-05	919	-85249.722	-85193.745
130538	70604	570942	107988	0.0079977	2.26734e-05	1.03230e-05	864	-83774.412	-83716.870
134398	70274	584565	106919	0.0084021	2.36892e-05	9.85295e-06	898	-84304.733	-84250.006
130538	66824	577255	114927	0.0104802	2.50396e-05	1.09167e-05	1204	-84611.849	-84558.464
128170	65893	570942	112067	0.0089528	2.47334e-05	1.04146e-05	1003	-83617.074	-83564.468
133308	68414	576744	108585	0.0082267	2.45838e-05	9.09793e-06	893	-84370.880	-84321.977
130681	67912	582569	105487	8.24305e-04	2.22198e-05	8.54333e-06	87	-84734.775	-84671.949
128946	67980	573470	105944	0.0024098	2.43797e-05	8.89460e-06	255	-84281.672	-84226.615
127530	60989	576300	117804	0.0022731	2.60386e-05	9.44007e-06	268	-84650.141	-84583.485
128981	74098	555573	118965	0.0034859	1.96459e-05	1.13333e-05	415	-84226.001	-84168.235
125191	63391	575921	114040	0.0036387	2.63956e-05	9.63170e-06	415	-84505.576	-84453.900
137285	83318	569193	108206	9.77716e-04	1.63320e-05	1.07440e-05	106	-84949.633	-84893.400
135070	67919	590643	107343	0.0122176	2.55125e-05	1.21238e-05	1311	-84309.375	-84249.403
130316	64244	573990	106669	0.0118190	2.88997e-05	9.66549e-06	1261	-84031.303	-83981.168
132990	65893	570942	105687	0.0084021	2.64029e-05	9.87004e-06	888	-83950.973	-83897.014
135332	69270	593243	99564	0.0032993	2.26675e-05	1.01212e-05	328	-83413.519	-83364.041
133797	66858	585278	104681	0.0024695	2.34912e-05	9.98735e-06	259	-83809.582	-83753.106
145572	70447	582940	93702	0.0019477	2.28319e-05	9.05575e-06	183	-84610.354	-84548.113
134038	60878	574743	102906	0.0039792	2.69179e-05	8.41975e-06	409	-84257.193	-84202.637
132321	72608	586392	114160	6.86992e-04	2.09982e-05	1.06718e-05	78	-84741.271	-84685.163
133258	68923	558123	113727	0.0056352	2.27083e-05	1.09015e-05	641	-84203.786	-84143.908
134603	69198	570942	114113	0.0057943	2.32596e-05	1.03589e-05	661	-85708.147	-85651.026
139917	76098	567391	104583	0.0131721	2.30449e-05	1.13883e-05	1378	-84688.366	-84635.018
130538	69823	570942	105389	0.0084021	2.38423e-05	9.91295e-06	885	-84434.312	-84373.735
131157	77291	563876	112334	0.0056706	1.92323e-05	1.08603e-05	637	-84229.886	-84171.486
128990	64395	568024	107298	0.0087358	2.62325e-05	9.35289e-06	937	-83603.282	-83549.379
128977	59807	556351	111181	0.0012870	2.51421e-05	8.59270e-06	143	-84127.367	-84073.633
138916	67179	588246	105370	0.0129556	2.49750e-05	1.02249e-05	1365	-84733.870	-84674.508
138534	64345	570942	106919	0.0084021	2.60443e-05	1.00880e-05	898	-85283.682	-85224.709
132540	73552	566187	110408	0.0021046	1.98022e-05	9.88438e-06	232	-84330.975	-84278.449
125943	68987	586300	112426	0.0028723	2.12591e-05	1.06375e-05	323	-83951.759	-83901.260
131623	64248	585139	108267	0.0020599	2.43507e-05	9.85525e-06	223	-84387.020	-84331.642
142054	67511	583456	97099	0.0031706	2.35745e-05	9.82272e-06	308	-83778.447	-83722.674
136797	73082	609302	99923	0.0238100	2.77783e-05	1.06496e-05	2379	-84876.784	-84819.442
128265	65741	570325	115040	0.0023053	2.39283e-05	1.02823e-05	265	-84423.397	-84371.437
132154	73275	574769	112142	0.0141358	2.31427e-05	1.09215e-05	1585	-84871.501	-84820.463
135161	75915	566906	109503	0.0011001	1.89424e-05	1.10505e-05	120	-84233.634	-84177.075
129876	73631	556842	104854	0.0123357	2.28731e-05	1.02578e-05	1293	-83481.050	-83429.264
132504	64319	581949	102406	0.0013068	2.42487e-05	8.20812e-06	134	-84103.072	-84044.164
128803	76910	589897	108005	0.0068583	2.02502e-05	9.15086e-06	741	-84714.502	-84653.820
136718	71529	568147	100732	0.0139257	2.55846e-05	1.04264e-05	1403	-84077.858	-84019.557
138220	68403	572650	103807	0.0107390	2.44076e-05	1.00579e-05	1115	-84479.724	-84425.510
129842	63852	577982	112906	0.0086409	2.69064e-05	9.60486e-06	976	-85018.773	-84964.179
145019	68791	578064	96313	0.0129536	2.57662e-05	1.04260e-05	1248	-84270.744	-84222.165
137562	68504	591073	103135	0.0108798	2.55114e-05	1.03893e-05	1122	-84810.666	-84755.333
130538	58041	576651	106919	0.0084021	2.85364e-05	9.98816e-06	898	-83710.619	-83658.557
129819	65147	576418	111834	0.0074020	2.55791e-05	1.08717e-05	828	-83799.893	-83750.382
126650	74746	568038	118435	0.0039476	2.00729e-05	1.11612e-05	468	-84810.990	-84749.614
130843	69402	594109	110161	0.0061801	2.30127e-05	9.50969e-06	681	-85203.726	-85157.151
136422	70346	565220	104897	0.0086151	2.33634e-05	1.00933e-05	904	-84001.904	-83957.319
135725	74803	581444	99121	0.0072057	2.19358e-05	9.98687e-06	714	-84340.138	-84284.945
131882	63558	600219	99100	6.03596e-04	2.56726e-05	8.32885e-06	60	-84171.463	-84117.932
136275	67139	585812	106112	0.0049236	2.45461e-05	9.71324e-06	522	-84798.233	-84746.047
133162	72864	570942	106919	0.0080100	2.28470e-05	1.00880e-05	856	-84442.136	-84389.632
136944	60742	578989	102973	0.0066968	2.84948e-05	8.44513e-06	690	-84181.745	-84122.522
134172	79725	560934	108325	0.0010831	1.76968e-05	1.03969e-05	117	-84863.897	-84808.464
131494	72127	568440	110184	0.0081138	2.27626e-05	9.40228e-06	894	-85073.817	-85023.499
134712	71782	571194	106060	0.0112928	2.55392e-05	9.71520e-06	1198	-85377.183	-85315.841
133633	68463	553201	110905	0.0084021	2.47501e-05	1.04116e-05	932	-84561.787	-84507.513
135158	68017	564377	106919	0.0113142	2.39611e-05	9.04207e-06	1210	-84643.380	-84583.327
131013	74462	578155	110969	0.0099233	2.15848e-05	1.13802e-05	1101	-84369.908	-84305.187
124270	66595	561158	119049	0.0100705	2.54570e-05	1.08707e-05	1199	-84268.106	-84208.017
139470	67531	597551	101198	0.0011065	2.26642e-05	8.91212e-06	112	-84948.610	-84894.126
136068	69229	591841	98808	3.21527e-04	2.35497e-05	8.16653e-06	32	-84716.836	-84668.598
133140	69794	572015	103566	0.0127790	2.56902e-05	9.45188e-06	1323	-84093.288	-84041.051
134008	65893	578117	98819	0.0061929	2.49741e-05	9.34193e-06	612	-83593.137	-83539.901
129893	63953	596404	104981	0.0044660	2.61102e-05	9.35973e-06	469	-84076.193	-84011.973
131010	70802	559298	113705	0.0071946	2.27441e-05	1.10644e-05	818	-83884.788	-83822.018
