NANC	NPOP1	NPOP2	TDIV	TPROP	MIG12	MIG21	ISO	MaxEstLhood	MaxObsLhood
116075	88700	573502	125108	0.0071634	1.77553e-05	1.61805e-05	896	-85527.971	-85459.371
114815	83377	567369	113871	0.0098655	1.97004e-05	1.45872e-05	1123	-84456.239	-84409.437
118271	88954	573043	113871	0.0128237	1.81497e-05	1.50695e-05	1460	-84719.087	-84651.323
117277	89097	570024	115432	0.0137356	1.79608e-05	1.44886e-05	1586	-85018.264	-84958.752
127129	84946	574507	113837	0.0103348	1.97587e-05	1.51428e-05	1176	-85704.104	-85642.397
109534	88011	561623	116851	0.0060393	1.74311e-05	1.40753e-05	706	-84942.366	-84877.923
118180	86445	576144	110300	0.0125539	1.86968e-05	1.51368e-05	1385	-84384.992	-84330.582
118608	83377	567369	113871	0.0098655	1.97004e-05	1.45872e-05	1123	-85623.743	-85549.759
132045	100988	568996	95614	0.0153929	1.53781e-05	1.53980e-05	1472	-85012.637	-84954.330
117499	86847	529182	110897	0.0044723	1.82155e-05	1.44428e-05	496	-84430.149	-84371.546
112589	94747	567927	119334	0.0034563	1.48684e-05	1.44455e-05	412	-85291.760	-85233.367
125865	94385	586668	118615	0.0119953	1.61390e-05	1.60333e-05	1423	-86055.119	-85992.758
120640	103651	553443	130917	0.0105836	1.29831e-05	1.86986e-05	1386	-85254.905	-85190.702
118138	83978	575919	118693	0.0067040	1.87582e-05	1.47670e-05	796	-85452.242	-85381.646
108080	96494	568974	126051	0.0120752	1.47608e-05	1.63555e-05	1522	-84963.645	-84895.022
110867	95424	571209	118558	0.0128638	1.66139e-05	1.56132e-05	1525	-84958.400	-84902.953
115599	86787	572241	127385	0.0115190	1.86506e-05	1.66580e-05	1467	-85126.559	-85068.041
113048	98302	546778	130089	0.0015136	1.26918e-05	1.58939e-05	197	-84808.497	-84751.812
115507	82503	575914	118230	0.0149648	2.26272e-05	1.53821e-05	1769	-85074.864	-85019.004
124741	90726	572389	109044	0.0058230	1.75795e-05	1.43924e-05	635	-86130.649	-86064.758
112819	86061	563137	123442	0.0093134	1.78154e-05	1.67809e-05	1150	-84335.125	-84277.560
111146	95544	583550	115972	0.0113207	1.66112e-05	1.51871e-05	1313	-84797.707	-84738.670
113839	80125	576427	115787	0.0127468	2.25199e-05	1.53577e-05	1476	-85017.193	-84958.108
114937	89973	577776	125666	0.0087897	1.65264e-05	1.66511e-05	1105	-84848.788	-84786.325
105043	90555	556919	140270	0.0092419	1.67119e-05	1.66749e-05	1296	-84522.349	-84464.916
115616	84408	580541	114754	0.0129877	2.08282e-05	1.53054e-05	1490	-84846.893	-84786.202
116704	91591	557077	118621	0.0098535	1.78725e-05	1.60549e-05	1169	-85169.471	-85120.831
122717	91190	601813	101185	0.0188110	1.99323e-05	1.49074e-05	1903	-85828.162	-85759.361
118325	84542	585720	114683	0.0103679	2.09707e-05	1.55665e-05	1189	-84548.343	-84480.935
116970	94490	563629	119443	0.0080832	1.64975e-05	1.63119e-05	965	-84478.309	-84420.913
108969	84711	578145	135066	0.0193166	2.26152e-05	1.99782e-05	2609	-85163.541	-85103.148
115542	95966	587227	118328	0.0086422	1.63188e-05	1.46012e-05	1023	-86122.126	-86060.358
113131	94144	562422	129746	0.0073516	1.43345e-05	1.69227e-05	954	-84157.930	-84101.980
114815	92676	567369	113871	0.0098655	1.77236e-05	1.45872e-05	1123	-84564.471	-84499.446
117791	93987	558296	117861	0.0075387	1.60346e-05	1.42629e-05	889	-86143.769	-86072.838
120446	91584	567871	107676	0.0179498	1.85635e-05	1.57061e-05	1933	-84801.589	-84743.585
120460	83377	577283	111080	0.0098655	1.90782e-05	1.49876e-05	1096	-84786.892	-84723.657
117862	89907	588484	109656	0.0086964	1.80422e-05	1.42442e-05	954	-84879.031	-84821.879
118006	90217	561695	113871	0.0098655	1.82068e-05	1.47345e-05	1123	-85104.263	-85036.691
120906	93169	594460	122300	0.0148871	1.72787e-05	1.70521e-05	1821	-86434.598	-86381.445
115013	87720	567561	116261	0.0080442	1.78972e-05	1.48937e-05	935	-84690.226	-84631.774
119922	85877	557788	113871	0.0126937	1.91268e-05	1.53064e-05	1445	-84858.110	-84791.087
119531	85900	561695	119332	0.0056040	1.77089e-05	1.50145e-05	669	-85641.942	-85579.011
113514	91779	567369	113871	0.0098655	1.78969e-05	1.45872e-05	1123	-85329.437	-85261.566
116151	82380	577648	116820	0.0026959	1.78005e-05	1.35793e-05	315	-84969.731	-84899.164
121523	93147	583608	117068	0.0156517	1.83370e-05	1.70967e-05	1832	-85369.145	-85312.639
116373	85853	568238	112866	0.0052213	1.80195e-05	1.42211e-05	589	-85230.188	-85159.657
116953	92374	579521	115174	0.0150250	1.85487e-05	1.65670e-05	1730	-85197.799	-85142.155
122516	91048	573043	111783	0.0094202	1.73519e-05	1.50695e-05	1053	-85876.675	-85811.593
120864	88258	560048	113289	0.0079716	1.64188e-05	1.60691e-05	903	-84109.611	-84042.894
110487	80196	590058	123083	0.0089937	2.01743e-05	1.58636e-05	1107	-85040.090	-84967.202
114815	94053	567369	113871	0.0098655	1.74641e-05	1.45872e-05	1123	-85369.373	-85313.336
113558	100893	552393	139067	0.0095882	1.36895e-05	1.87021e-05	1333	-84543.353	-84476.667
118577	86337	560107	115010	0.0107293	1.90249e-05	1.47763e-05	1234	-85010.514	-84954.922
120672	86565	567105	113179	0.0124555	2.02837e-05	1.68421e-05	1410	-84619.269	-84556.513
114804	92591	570561	116991	0.0059667	1.72202e-05	1.45056e-05	698	-85779.665	-85721.418
118895	86884	590951	110478	0.0062889	1.88946e-05	1.50268e-05	695	-84842.768	-84777.991
127306	99690	584091	104536	0.0111968	1.54505e-05	1.51072e-05	1170	-86231.755	-86175.730
116632	86388	566605	117407	0.0060195	1.87006e-05	1.37915e-05	707	-85396.105	-85340.080
116094	85957	571261	115078	0.0088784	1.94961e-05	1.31724e-05	1022	-85446.470	-85382.543
117464	80132	566923	108742	0.0023373	2.12245e-05	1.20676e-05	254	-85030.632	-84966.387
114815	87892	588558	108714	0.0075134	1.86883e-05	1.40620e-05	817	-84622.921	-84569.626
121544	93056	561695	115273	0.0032966	1.61355e-05	1.47345e-05	380	-85012.354	-84951.776
124195	92881	573043	107762	0.0125504	1.77725e-05	1.44427e-05	1352	-86058.094	-85991.946
123992	94591	551942	112045	0.0123609	1.76955e-05	1.71237e-05	1385	-84909.228	-84835.845
118823	83377	567369	113871	0.0098655	1.97004e-05	1.45872e-05	1123	-85567.693	-85500.793
120992	87473	572247	109417	0.0121687	1.92063e-05	1.40276e-05	1331	-85505.648	-85433.478
109751	93804	532469	129048	0.0048458	1.56028e-05	1.57852e-05	625	-84659.473	-84603.623
113510	94134	577761	126475	0.0032171	1.49238e-05	1.59002e-05	407	-85026.379	-84961.738
122448	85068	561695	112732	0.0118291	2.07415e-05	1.47345e-05	1334	-86048.705	-85977.914
122483	86142	567369	113871	0.0098655	1.90681e-05	1.45872e-05	1123	-85667.302	-85605.517
117378	89322	567369	113871	0.0088955	1.82604e-05	1.42821e-05	1013	-85164.145	-85106.942
109214	93771	546057	141266	0.0013398	1.41345e-05	1.62140e-05	189	-85532.617	-85470.219
119508	85045	567369	115034	0.0041132	1.81902e-05	1.45872e-05	473	-85403.894	-85339.232
116038	92571	580612	118323	0.0104047	1.71402e-05	1.53740e-05	1231	-86183.351	-86127.002
121863	91676	558228	109709	0.0109691	1.74695e-05	1.51427e-05	1203	-85206.689	-85130.013
116635	86959	561695	119184	0.0103318	1.81194e-05	1.63587e-05	1231	-84769.521	-84706.510
120498	86557	582333	114351	0.0070990	1.87326e-05	1.46578e-05	812	-85517.966	-85456.639
115016	84192	573043	122730	0.0070796	1.90253e-05	1.57562e-05	869	-84623.924	-84571.186
117901	84076	567062	118610	0.0050177	2.00148e-05	1.32056e-05	595	-86432.744	-86375.568
119342	90226	570932	111644	0.0117204	1.72420e-05	1.48573e-05	1309	-85514.909	-85452.717
104178	90983	556838	150583	0.0051356	1.56212e-05	1.68091e-05	773	-86092.993	-86035.961
115899	91797	563346	124019	0.0064697	1.70275e-05	1.56989e-05	802	-85225.565	-85164.383
107520	97237	541563	133011	0.0150993	1.66366e-05	1.81529e-05	2008	-84981.447	-84921.010
114815	90621	581932	107050	0.0107981	1.80359e-05	1.42221e-05	1156	-84165.744	-84109.195
123196	93437	571410	110841	0.0141771	1.79733e-05	1.64239e-05	1571	-85198.735	-85145.592
126285	76387	597170	99581	0.0062836	2.33939e-05	1.27134e-05	626	-85515.689	-85448.277
104015	90827	561474	145670	0.0123269	1.70423e-05	1.85745e-05	1796	-85282.369	-85217.978
121763	91944	573043	116247	0.0123800	1.80224e-05	1.52598e-05	1439	-85944.336	-85882.068
117789	88214	580226	116346	0.0115658	1.80337e-05	1.51410e-05	1346	-84840.666	-84783.026
128875	92671	561961	104586	0.0064615	1.63577e-05	1.54437e-05	676	-84925.485	-84861.323
107053	84658	577142	132496	0.0099468	1.80499e-05	1.70650e-05	1318	-84525.193	-84464.533
126272	95726	565042	112537	0.0169234	1.68403e-05	1.73272e-05	1905	-85842.343	-85783.492
125082	79581	593329	106821	0.0092345	2.21323e-05	1.45753e-05	986	-85245.450	-85188.198
116000	96984	533519	121194	0.0154990	1.68684e-05	1.64274e-05	1878	-85346.097	-85281.570
109117	93142	565097	122468	0.0106671	1.69890e-05	1.44319e-05	1306	-85190.095	-85128.819
112259	79905	570293	113533	0.0096039	2.20288e-05	1.48463e-05	1090	-84262.597	-84201.434
120477	93778	568223	122911	0.0063949	1.66267e-05	1.55556e-05	786	-85684.175	-85619.123
118145	84608	579975	113273	0.0103929	2.02155e-05	1.54687e-05	1177	-85813.951	-85747.103
123115	87654	601154	103608	0.0031913	1.73214e-05	1.39212e-05	331	-85638.183	-85579.433
