NANC	NPOP1	NPOP2	TDIV	TPROP	MIG12	MIG21	ISO	MaxEstLhood	MaxObsLhood
125827	424625	465269	95429	0.1293326	2.31505e-05	1.39659e-05	12342	-122744.583	-122672.000
127800	446941	447473	91164	0.1247387	2.34612e-05	1.54028e-05	11372	-122562.537	-122485.994
127078	429471	452082	93314	0.1304896	2.40685e-05	1.33544e-05	12176	-122326.376	-122259.384
129458	450324	447875	90179	0.1145615	2.49733e-05	1.68138e-05	10331	-121661.781	-121593.834
122361	430240	467345	91012	0.1274254	2.20355e-05	1.57811e-05	11597	-121370.371	-121289.936
124011	442641	445334	90933	0.1179689	2.49120e-05	1.64683e-05	10727	-121036.857	-120972.525
125706	443567	451945	94278	0.1328416	2.07714e-05	1.48495e-05	12524	-121901.260	-121834.175
123184	455021	439224	94517	0.1304817	2.01039e-05	1.54735e-05	12333	-122068.051	-121990.130
124524	451218	445371	92638	0.1141496	2.54743e-05	1.63011e-05	10575	-120752.766	-120683.363
129737	446691	451965	89568	0.1180379	2.52662e-05	1.58672e-05	10572	-121209.593	-121132.519
118853	447706	452192	95489	0.1181574	2.32816e-05	1.52925e-05	11283	-122195.401	-122126.587
120342	421286	447781	99050	0.1341919	2.27755e-05	1.37280e-05	13292	-122376.736	-122306.322
121736	456120	434546	94231	0.1127074	2.35766e-05	1.71514e-05	10620	-120597.480	-120539.516
120062	433031	451729	96126	0.1368313	2.34824e-05	1.31677e-05	13153	-121803.220	-121741.720
123355	443061	447540	93971	0.1274153	2.19944e-05	1.44550e-05	11973	-121502.350	-121432.925
127581	454596	453249	94360	0.1243967	2.29202e-05	1.45570e-05	11738	-122438.687	-122358.974
124670	432954	449910	95349	0.1257102	2.20753e-05	1.48620e-05	11986	-120934.139	-120863.629
126278	435202	448255	89132	0.1270460	2.28756e-05	1.54598e-05	11324	-120575.931	-120506.155
125261	426568	460963	92482	0.1199221	2.51241e-05	1.53918e-05	11091	-122155.783	-122079.310
126495	443134	450859	94114	0.1258465	2.26565e-05	1.48843e-05	11844	-122604.579	-122514.384
126737	437313	436516	90942	0.1153375	2.46081e-05	1.64174e-05	10489	-120601.750	-120537.531
124524	443729	445658	89786	0.1329886	2.25036e-05	1.39876e-05	11940	-120734.373	-120657.696
125806	432765	465057	93127	0.1212625	2.40933e-05	1.50283e-05	11293	-122461.194	-122378.812
125317	436743	449602	94485	0.1398342	2.21537e-05	1.36218e-05	13212	-123115.691	-123024.933
127086	437594	445045	91707	0.1263596	2.21722e-05	1.57888e-05	11588	-121225.373	-121149.021
119931	423806	452606	94116	0.1172757	2.67220e-05	1.45164e-05	11038	-120846.322	-120769.275
120703	445826	445159	94175	0.1301245	2.30201e-05	1.44055e-05	12255	-121174.796	-121109.510
126998	443067	455549	90942	0.1153375	2.42885e-05	1.57315e-05	10489	-121488.046	-121407.396
130769	451414	446329	92310	0.1376879	2.08610e-05	1.48685e-05	12710	-122991.595	-122917.839
128759	439242	453615	90297	0.1084304	2.71833e-05	1.66677e-05	9791	-121571.084	-121496.970
125998	450240	447568	90736	0.1178558	2.27547e-05	1.60120e-05	10694	-121327.247	-121258.040
120555	443054	461978	93698	0.1204030	2.44736e-05	1.55095e-05	11281	-121270.160	-121198.913
129648	454870	436516	90942	0.1267817	2.36583e-05	1.59982e-05	11530	-121560.101	-121485.357
124487	444790	444512	93801	0.1245594	2.19875e-05	1.58190e-05	11684	-121260.682	-121193.480
125359	451528	440273	91563	0.1241779	2.22598e-05	1.61655e-05	11370	-120963.806	-120893.653
125688	457884	445334	93698	0.1205668	2.35086e-05	1.56632e-05	11297	-122717.131	-122643.763
129623	437790	448466	91344	0.1184446	2.38334e-05	1.62946e-05	10819	-122464.178	-122384.383
121674	434425	439875	91589	0.1175068	2.56979e-05	1.59108e-05	10762	-120288.768	-120229.557
128167	456306	437675	92701	0.1386434	2.10534e-05	1.50102e-05	12852	-122145.000	-122086.026
131152	442686	452288	91632	0.1389699	2.17230e-05	1.45713e-05	12734	-122370.890	-122297.954
123977	452105	455129	91346	0.1168868	2.32775e-05	1.61743e-05	10677	-121708.358	-121643.654
118479	448403	452708	92702	0.1131213	2.52933e-05	1.60474e-05	10487	-119958.565	-119905.556
124906	453805	452293	92465	0.1188980	2.39065e-05	1.60023e-05	10994	-121580.273	-121527.480
124599	438725	440837	91474	0.1198054	2.41642e-05	1.54727e-05	10959	-120465.695	-120394.434
131749	440265	462575	91473	0.1238936	2.46131e-05	1.44468e-05	11333	-122488.007	-122410.904
127915	435238	454687	91108	0.1167208	2.73295e-05	1.54165e-05	10634	-121896.691	-121808.149
124997	429553	442319	95240	0.1244591	2.31730e-05	1.53174e-05	11853	-120787.649	-120719.811
128035	461241	452028	92761	0.1267357	2.29647e-05	1.49536e-05	11756	-122699.867	-122611.813
126263	441156	440925	90942	0.1153375	2.43937e-05	1.62533e-05	10489	-121182.183	-121104.988
120150	438913	458624	92012	0.1187102	2.41205e-05	1.53188e-05	10923	-121185.583	-121121.108
122194	441235	440881	93839	0.1308126	2.13986e-05	1.61480e-05	12275	-121181.493	-121104.843
125106	438239	454584	91450	0.1176918	2.46666e-05	1.55712e-05	10763	-120887.800	-120821.724
122794	452531	432453	92828	0.1243056	2.26601e-05	1.57355e-05	11539	-121438.202	-121352.966
126486	442580	452627	93337	0.1256266	2.36917e-05	1.53973e-05	11726	-121857.315	-121782.955
119491	438264	435300	93255	0.1319784	2.12410e-05	1.59530e-05	12308	-120536.214	-120455.236
119901	437479	455127	92275	0.1382555	2.13918e-05	1.48841e-05	12758	-120921.435	-120856.031
119042	445168	450424	94242	0.1179331	2.48104e-05	1.44639e-05	11114	-121461.033	-121387.293
121884	439146	441192	95297	0.1131071	2.57041e-05	1.62402e-05	10779	-121419.118	-121349.830
123755	433890	456600	93712	0.1220714	2.37312e-05	1.62003e-05	11440	-122227.453	-122156.231
125756	455341	437617	95569	0.1248836	2.20053e-05	1.53531e-05	11935	-122340.970	-122257.346
127410	447839	443641	90189	0.1445734	2.11330e-05	1.45584e-05	13039	-122127.593	-122056.026
127372	444388	448635	90924	0.1421655	2.00042e-05	1.41987e-05	12926	-121843.711	-121758.967
125176	449882	449769	90033	0.1282163	2.29210e-05	1.46016e-05	11544	-121140.244	-121062.759
122343	447621	446465	94628	0.1230373	2.19162e-05	1.47258e-05	11643	-122686.324	-122605.429
121541	441490	449140	94378	0.1379529	2.02523e-05	1.40593e-05	13020	-120979.457	-120907.108
122090	433529	445013	93176	0.1254773	2.42401e-05	1.50243e-05	11691	-120328.893	-120262.041
117948	427247	437421	96044	0.1302139	2.33701e-05	1.46831e-05	12506	-120320.867	-120256.336
122155	478508	442506	90942	0.1207879	2.19597e-05	1.58794e-05	10985	-121811.424	-121727.522
124860	442684	453277	93856	0.1347326	2.17389e-05	1.46809e-05	12646	-121804.081	-121731.450
128214	454770	440881	90496	0.1220189	2.29659e-05	1.66677e-05	11042	-120885.686	-120820.517
122096	438604	439310	92770	0.1191436	2.51372e-05	1.53013e-05	11053	-120376.878	-120310.765
125735	444267	453471	93648	0.1238168	2.33892e-05	1.51290e-05	11595	-122466.939	-122389.975
125234	436707	450923	95009	0.1258044	2.31055e-05	1.46245e-05	11953	-122740.548	-122671.013
123500	428648	443650	95982	0.1293993	2.29875e-05	1.39347e-05	12420	-121807.807	-121726.908
122600	419655	456881	94307	0.1441510	2.12309e-05	1.36377e-05	13594	-121760.747	-121688.039
126665	455294	452455	91854	0.1285756	2.23440e-05	1.58391e-05	11810	-121592.487	-121522.065
126496	465223	445807	94243	0.1320463	2.18584e-05	1.45022e-05	12444	-122747.277	-122671.059
124936	453356	442035	91723	0.1340522	2.21961e-05	1.50803e-05	12296	-121724.393	-121650.743
116562	431280	447019	98467	0.1315949	2.11023e-05	1.46978e-05	12958	-121946.167	-121869.524
128155	473953	453919	88536	0.1194928	2.48917e-05	1.58039e-05	10579	-122163.512	-122093.459
126383	428089	457684	91419	0.1311325	2.18186e-05	1.48495e-05	11988	-121347.041	-121280.476
123026	444161	448967	94560	0.1259992	2.20018e-05	1.40874e-05	11914	-121529.176	-121452.983
129679	438892	451915	88276	0.1250826	2.33815e-05	1.48065e-05	11042	-122026.989	-121938.013
127643	445161	459456	92445	0.1310410	2.31597e-05	1.40741e-05	12114	-122058.267	-121979.313
118747	436816	445509	95584	0.1300335	2.29401e-05	1.45387e-05	12429	-121904.713	-121826.571
126399	416095	455358	92517	0.1298224	2.29300e-05	1.42192e-05	12011	-121769.278	-121681.309
122349	451324	443789	91724	0.1284466	2.20581e-05	1.56606e-05	11782	-120911.630	-120840.014
118396	441686	444599	95771	0.1244576	2.37924e-05	1.51080e-05	11919	-121006.319	-120946.415
123607	428653	447307	91851	0.1178558	2.45158e-05	1.60214e-05	10825	-120578.572	-120511.318
124620	423119	454403	91046	0.1347439	2.36477e-05	1.36561e-05	12268	-120053.481	-119980.971
125368	436578	450253	92302	0.1467433	1.99547e-05	1.32299e-05	13545	-121393.139	-121318.467
122638	446016	439862	92475	0.1395621	2.14588e-05	1.42396e-05	12906	-121382.170	-121315.728
124555	436882	429651	94871	0.1234172	2.37095e-05	1.54087e-05	11709	-120737.274	-120672.326
119718	444409	454607	95192	0.1224825	2.30279e-05	1.47049e-05	11659	-121169.845	-121110.164
119678	425211	446564	93590	0.1250703	2.40566e-05	1.49777e-05	11705	-120351.889	-120293.193
126806	447133	474059	87076	0.1248973	2.49322e-05	1.42566e-05	10876	-121630.173	-121552.123
127457	440701	448686	89942	0.1405605	2.19143e-05	1.48633e-05	12642	-121547.624	-121464.750
124141	445351	446312	92964	0.1448910	1.98496e-05	1.38253e-05	13470	-122339.219	-122262.475
117317	445818	454152	97046	0.1367234	2.15148e-05	1.36481e-05	13268	-121381.652	-121318.544
124713	433092	454089	90024	0.1294252	2.42588e-05	1.45657e-05	11651	-121257.994	-121184.520
