Parameter	mean	lower_CI	upper_CI	lower_quantile_CI.2.5%	upper_quantile_CI.97.5%
NANC	124451.07	123799.769057721	125102.370942279	118160.8	130278.8
NPOP1	442128.78	440002.10639436	444255.45360564	422156.675	463331.55
NPOP2	448788.98	447277.296044377	450300.663955623	434904.15	465168.3
TDIV	92801.34	92382.5134909086	93220.1665090914	88819.1	96609
TPROP	0.126356749	0.124739563041536	0.127973934958464	0.113113845	0.14437276
MIG12	0.000023117389	0.0000228130557322001	0.0000234217222677999	0.0000200515575	0.0000262384975
MIG21	0.000015109356	0.0000149375688631206	0.0000152811431368794	0.000013481415	0.0000166677
ISO	11728.9	11562.212318616	11895.587681384	10487.95	13385.45
MaxEstLhood	-121552.52052	-121695.230611035	-121409.810428965	-122745.99735	-120304.015025
MaxObsLhood	-121479.87221	-121621.807186653	-121337.937233347	-122671.553025	-120242.277025
