NANC	NPOP1	NPOP2	TDIV	TPROP	MIG12	MIG21	ISO	MaxEstLhood	MaxObsLhood
130923	171458	918630	121146	0.3641993	7.99625e-05	1.64511e-05	44121	-142823.085	-142722.682
122363	224031	863134	125098	0.3553081	5.56647e-05	2.30714e-05	44448	-141566.609	-141477.437
128381	201440	864968	123296	0.3055962	6.50776e-05	2.23440e-05	37679	-142750.144	-142671.682
126852	184153	919583	123548	0.2652228	7.20470e-05	2.04036e-05	32768	-142705.414	-142629.618
126070	183303	882243	125736	0.2542594	7.05264e-05	1.92525e-05	31970	-142854.359	-142766.939
132808	184377	919268	120501	0.3236054	7.41467e-05	1.97573e-05	38995	-143619.365	-143543.473
122434	223920	856697	123074	0.3117030	5.63406e-05	2.25220e-05	38363	-141847.811	-141764.053
123600	190214	890017	129780	0.3119229	6.63710e-05	2.15343e-05	40481	-143125.730	-143045.136
124744	203194	884967	123643	0.2707335	6.29412e-05	2.25022e-05	33474	-141635.183	-141555.918
127781	166015	922371	120103	0.3066171	8.26428e-05	1.92288e-05	36826	-142218.895	-142139.053
120848	196965	889576	127055	0.3785964	6.76784e-05	2.14757e-05	48102	-141737.581	-141660.418
130958	171572	927908	122526	0.2643930	7.95978e-05	1.86329e-05	32395	-143051.135	-142972.983
130513	204036	891568	120625	0.3907209	6.62408e-05	2.15649e-05	47131	-142473.365	-142389.041
116455	190047	905393	128435	0.3125239	6.80265e-05	2.13680e-05	40139	-142045.328	-141961.043
130624	215622	874983	120669	0.3760780	5.88241e-05	2.20882e-05	45381	-142183.243	-142102.020
131770	200843	900110	119628	0.3605689	6.80669e-05	2.13633e-05	43134	-141929.074	-141839.802
123777	203853	895921	123952	0.3888673	6.57321e-05	2.16134e-05	48201	-141546.047	-141452.857
129327	192377	911852	119882	0.3909265	6.80253e-05	2.04427e-05	46865	-142353.819	-142271.729
126356	180065	904110	125407	0.2512665	7.55838e-05	2.13221e-05	31511	-141834.056	-141756.899
122753	183839	900770	123411	0.3198583	6.95680e-05	2.21074e-05	39474	-141350.133	-141263.077
120484	200440	884164	127728	0.3771653	6.56302e-05	2.15954e-05	48174	-142116.051	-142016.404
132448	149758	963911	116981	0.2344671	1.00957e-04	1.69158e-05	27428	-142197.501	-142117.400
126420	184668	897981	121134	0.3075513	7.96226e-05	1.99149e-05	37255	-141380.401	-141307.701
128556	198539	882577	121252	0.3242457	7.01273e-05	2.10853e-05	39315	-142497.189	-142419.259
126994	178006	911676	120469	0.3177582	7.64036e-05	2.07303e-05	38280	-141434.019	-141355.187
123836	174248	912598	128295	0.4444879	7.89201e-05	1.97347e-05	57025	-142348.490	-142266.887
129656	206641	886344	125077	0.3816169	5.99454e-05	2.17986e-05	47732	-142850.805	-142770.668
132169	212080	893089	114717	0.3118205	6.48991e-05	2.16819e-05	35771	-141894.017	-141808.829
132612	186922	917447	118603	0.3599716	7.24843e-05	1.99624e-05	42694	-142630.497	-142535.668
134238	202821	882900	121474	0.3343950	6.30410e-05	2.25548e-05	40620	-142864.493	-142790.672
128168	205808	879494	121140	0.3425135	6.20122e-05	2.20709e-05	41492	-141158.293	-141057.009
127749	179425	899711	123783	0.3857992	7.40251e-05	1.74712e-05	47755	-142672.593	-142587.216
118896	186415	914712	126371	0.2307326	7.34604e-05	2.08209e-05	29158	-141694.434	-141612.575
124135	217981	863134	127604	0.3928862	5.72096e-05	2.30714e-05	50134	-142763.298	-142674.664
121594	192140	876331	126082	0.3530642	6.98747e-05	2.15330e-05	44515	-141018.712	-140949.793
125816	201773	892933	122507	0.3157950	6.63144e-05	2.09657e-05	38687	-141451.041	-141367.025
128997	179934	916049	123377	0.4110270	7.73309e-05	1.76768e-05	50711	-142313.483	-142230.024
131089	199270	898179	126360	0.3548215	6.41807e-05	2.21712e-05	44835	-142989.774	-142902.348
122479	213215	901277	120864	0.3497460	5.88772e-05	2.12434e-05	42272	-140725.196	-140652.799
124067	184025	906230	121636	0.4048138	7.79711e-05	1.92287e-05	49240	-140774.741	-140690.350
127183	216283	886630	121294	0.2806097	5.79666e-05	2.17980e-05	34036	-141797.909	-141717.614
119928	214700	857632	125645	0.4288364	6.13542e-05	2.18286e-05	53881	-141564.151	-141479.036
126213	169696	918862	121446	0.3103659	8.37663e-05	1.81153e-05	37693	-141843.490	-141760.351
124860	192879	897720	123453	0.3016743	6.94574e-05	2.12343e-05	37243	-141434.463	-141358.084
124320	204431	896681	122733	0.3575869	6.33656e-05	2.11774e-05	43888	-142305.740	-142232.569
126734	187347	889989	120818	0.2832909	7.05358e-05	2.02552e-05	34227	-140703.002	-140620.626
125182	181044	915607	123885	0.3223567	7.58970e-05	1.86912e-05	39935	-141979.724	-141909.508
123192	218812	886840	129170	0.4101010	5.90883e-05	2.15968e-05	52973	-143338.691	-143254.649
130950	187658	892059	122708	0.4546401	7.12509e-05	2.09527e-05	55788	-142314.855	-142240.108
132874	170597	952472	118577	0.4094509	8.19906e-05	1.87471e-05	48552	-142219.797	-142140.592
130002	198107	902909	119090	0.3421592	6.54034e-05	2.02959e-05	40748	-141290.672	-141220.970
133955	187543	892243	119833	0.3361719	7.07814e-05	2.16078e-05	40285	-142357.354	-142270.830
127852	183627	918304	120736	0.2513574	7.71705e-05	1.85601e-05	30348	-142311.504	-142224.127
123398	190091	896684	122548	0.3166550	7.26243e-05	2.05235e-05	38805	-141992.839	-141916.522
124831	219202	879658	124238	0.3345370	5.74243e-05	2.19708e-05	41562	-142660.637	-142573.447
127236	189436	898445	121561	0.3391652	6.98478e-05	1.91296e-05	41229	-141883.297	-141802.476
132793	217275	885944	119259	0.4090528	6.04986e-05	2.07927e-05	48783	-142240.486	-142152.502
128275	213202	894926	121028	0.4201004	6.20640e-05	2.09497e-05	50844	-142154.465	-142073.972
125593	211271	888087	124204	0.4249629	6.14468e-05	2.16507e-05	52782	-141938.677	-141845.676
129198	186292	910117	124631	0.2912407	7.60101e-05	1.97439e-05	36298	-143173.296	-143095.457
128568	190951	901056	119602	0.3292747	7.16060e-05	2.07839e-05	39382	-142280.026	-142205.937
131609	183682	910778	121472	0.2798932	7.43061e-05	2.06009e-05	33999	-142859.639	-142771.955
130298	211715	876363	123289	0.3080842	5.85728e-05	2.17212e-05	37983	-142754.415	-142669.598
136212	215443	880007	116641	0.4103268	5.90485e-05	2.08631e-05	47861	-142147.497	-142063.162
128292	195617	903190	121306	0.2910030	6.69213e-05	2.20482e-05	35300	-142010.352	-141927.572
131005	184450	884285	123716	0.3839198	6.99066e-05	2.16219e-05	47497	-142042.719	-141947.905
119797	196497	900296	124309	0.3377247	6.80085e-05	2.14061e-05	41982	-141077.406	-141004.927
123595	189271	913196	125784	0.3174180	7.17361e-05	2.07471e-05	39926	-142189.748	-142105.360
125634	189651	896540	125274	0.3915507	6.59172e-05	2.10597e-05	49051	-141506.244	-141420.294
129273	226412	858338	123375	0.3385455	5.61647e-05	2.19772e-05	41768	-142389.402	-142313.171
127266	183311	918257	123788	0.3838408	7.14589e-05	2.02505e-05	47515	-143055.223	-142971.411
123531	194541	886135	124411	0.2853027	6.78169e-05	2.13688e-05	35495	-140511.933	-140426.828
122363	211787	871765	122650	0.2777942	5.88829e-05	2.28429e-05	34071	-140612.065	-140526.510
133313	181809	931380	117870	0.4229149	7.19034e-05	1.65810e-05	49849	-143565.118	-143489.148
125850	187943	878591	123864	0.2670973	6.79045e-05	1.98430e-05	33084	-141091.001	-141011.707
129347	199941	875184	121429	0.2897668	6.62174e-05	1.97870e-05	35186	-141665.126	-141576.337
126166	217329	842136	123318	0.3689893	6.16463e-05	2.28777e-05	45503	-140949.165	-140870.686
124926	198862	894559	125209	0.3955485	6.95151e-05	2.09365e-05	49526	-141640.912	-141566.597
126364	192892	881570	122570	0.2777942	6.46507e-05	2.25889e-05	34049	-140932.067	-140850.543
121329	187401	895267	127070	0.3913203	6.74187e-05	2.09138e-05	49725	-140915.991	-140838.730
115219	199055	866962	130524	0.3938674	6.30905e-05	2.17718e-05	51409	-141593.016	-141516.040
133486	185745	890123	122773	0.3588355	7.37167e-05	2.06996e-05	44055	-142887.883	-142802.425
123382	209630	903037	124733	0.3758940	5.94757e-05	2.04264e-05	46886	-142665.412	-142585.109
127584	202377	871678	121210	0.4339727	6.58561e-05	2.12014e-05	52602	-141342.464	-141260.234
124831	209291	902305	120356	0.3053921	6.38280e-05	1.99230e-05	36756	-142236.786	-142151.776
129768	199788	881614	121375	0.4190941	6.54565e-05	2.18489e-05	50867	-141326.758	-141258.649
125881	196397	878600	121493	0.3237073	6.99711e-05	2.04370e-05	39328	-141244.902	-141162.386
129071	208831	882871	119855	0.3855952	6.66175e-05	2.06845e-05	46216	-142501.830	-142419.658
124040	204509	895155	124757	0.4090435	6.53875e-05	2.13541e-05	51031	-142078.455	-141997.755
128331	182260	900298	126234	0.2667373	7.31250e-05	2.10335e-05	33671	-142709.385	-142623.418
123901	198951	895667	125641	0.3777385	6.55196e-05	2.12259e-05	47459	-142605.499	-142511.981
135954	184896	906232	118938	0.4105454	7.31889e-05	1.89238e-05	48829	-142331.453	-142243.205
129709	202293	921563	124164	0.3673683	6.13142e-05	1.97278e-05	45614	-143630.278	-143553.663
128348	189499	917948	121655	0.3015494	7.19057e-05	1.92350e-05	36685	-142955.949	-142882.793
125169	194705	893360	122353	0.3247978	6.91772e-05	1.98583e-05	39740	-141760.252	-141679.266
129784	195664	895457	114266	0.3280336	7.01964e-05	2.12071e-05	37483	-141185.021	-141096.971
130387	206400	901124	121907	0.3281670	6.33819e-05	2.14347e-05	40006	-142444.732	-142369.779
124264	172037	902361	121798	0.2443877	8.22977e-05	2.09897e-05	29766	-140543.321	-140460.129
125185	204841	889234	119692	0.3021413	6.51047e-05	2.12141e-05	36164	-141213.498	-141140.402
127237	166685	914966	121034	0.2357865	8.07880e-05	1.97866e-05	28538	-141506.359	-141430.385
