Parameter	mean	lower_CI	upper_CI	lower_quantile_CI.2.5%	upper_quantile_CI.97.5%
NANC	127005.78	126206.525151056	127805.034848944	119323.975	134103.575
NPOP1	195182.85	192301.39994357	198064.30005643	168115.225	221678.95
NPOP2	895760.63	891966.391137635	899554.868862365	857967.35	929730.8
TDIV	122715.31	122127.681126927	123302.938873073	116802.5	128820.875
TPROP	0.341027254	0.330452325232455	0.351602182767545	0.23987207	0.4315329575
MIG12	0.000068532965	0.0000670717144302014	0.0000699942155697986	0.000056753375	0.0000824788775
MIG21	0.00002074697	0.0000204773208193162	0.0000210166191806838	0.000017179615	0.00002286117
ISO	41863.08	40529.9745785476	43196.1854214525	29446.8	53449.7
MaxEstLhood	-142038.89755	-142181.713694759	-141896.081405241	-143457.565175	-140655.260075
MaxObsLhood	-141956.91856	-142099.638532494	-141814.198587506	-143377.760975	-140571.2151
