	d0_0	d0_1	d0_2	d0_3	d0_4	d0_5	d0_6	d0_7	d0_8	d0_9	d0_10	d0_11	d0_12	d0_13	d0_14	d0_15	d0_16	d0_17	d0_18	d0_19	d0_20	d0_21	d0_22	d0_23	d0_24	d0_25	d0_26	d0_27	d0_28	d0_29	d0_30	d0_31	d0_32	d0_33	d0_34	d0_35	d0_36	d0_37	d0_38	d0_39	d0_40	d0_41	d0_42	d0_43	d0_44	d0_45	d0_46	d0_47	d0_48	d0_49	d0_50	d0_51	d0_52	d0_53	d0_54	d0_55	d0_56	d0_57	d0_58	d0_59	d0_60	d0_61	d0_62	d0_63	d0_64	d0_65	d0_66	d0_67	d0_68	d0_69	d0_70	d0_71	d0_72	d0_73	d0_74	d0_75	d0_76	d0_77	d0_78	d0_79	d0_80	d0_81	d0_82	d0_83	d0_84	d0_85	d0_86	d0_87	d0_88	d0_89	d0_90	d0_91	d0_92	d0_93	d0_94	d0_95	d0_96	d0_97	d0_98	d0_99	d0_100	d0_101	d0_102	d0_103	d0_104	d0_105	d0_106	d0_107	d0_108	d0_109	d0_110	d0_111	d0_112
d1_0	0	0.441996	0.184883	0.104937	0.0647372	0.0428891	0.0300088	0.0219044	0.0152399	0.0117483	0.00881521	0.00607	0.00570742	0.00435636	0.00317875	0.00311823	0.0025861	0.00195685	0.00193916	0.00162478	0.00149694	0.00126489	0.00119479	0.00118811	0.00112103	0.000921001	0.000928273	0.00085639	0.000628512	0.000642155	0.00065813	0.000657844	0.000711887	0.000622708	0.000654538	0.000649059	0.000532516	0.000524466	0.000492653	0.000503259	0.000439006	0.000483847	0.00042405	0.00040293	0.000402991	0.00055331	0.000353344	0.00042233	0.000475192	0.000382511	0.000458278	0.000354643	0.000343055	0.000343998	0.000336152	0.000287261	0.00037867	0.000308874	0.000321153	0.000337797	0.000375718	0.000354107	0.000328453	0.000268879	0.000131471	0	0	0	0	0	0	0	0	0	0	0	0	0	0	0	0	0	0	0	0	0	0	0	0	0	0	0	0	0	0	0	0	0	0	0	0	0	0	0	0	0	0	0	0	0	0	0	0
d1_1	0.0013641	0.000172731	0.000105182	4.79528e-05	3.60025e-05	7.50881e-05	4.78369e-05	1.53762e-05	1.12681e-05	1.07504e-05	7.4951e-06	8.29384e-06	4.76868e-06	5.79247e-06	4.95276e-06	6.0029e-06	4.13433e-06	7.06868e-06	4.89787e-06	2.71564e-05	3.14466e-06	2.54715e-06	5.68695e-06	3.35361e-06	3.29424e-06	3.39215e-06	2.81803e-06	2.42517e-06	2.85908e-06	2.58634e-05	2.6504e-06	2.61886e-05	2.81611e-06	2.62105e-06	2.44239e-06	2.67344e-06	3.47588e-06	2.1735e-06	4.08547e-06	3.29563e-06	3.22192e-06	2.63916e-06	2.20633e-06	2.70687e-06	3.01212e-06	2.82514e-06	3.08058e-06	3.57845e-06	3.82341e-06	4.74174e-06	3.49691e-06	3.57958e-06	4.10183e-06	3.13572e-06	2.66389e-06	3.03962e-06	2.65319e-06	3.56773e-06	2.33207e-06	2.97835e-06	4.27418e-06	3.47404e-06	3.44011e-06	1.75224e-06	0	0	0	0	0	0	0	0	0	0	0	0	0	0	0	0	0	0	0	0	0	0	0	0	0	0	0	0	0	0	0	0	0	0	0	0	0	0	0	0	0	0	0	0	0	0	0	0	0
d1_2	0.000580934	0.000123638	6.00451e-05	3.7741e-05	2.92906e-05	1.59178e-05	1.17017e-05	1.08339e-05	8.60013e-06	2.84702e-05	5.24362e-06	4.03292e-06	3.20484e-06	1.81194e-06	3.04124e-06	1.95206e-06	3.04916e-06	2.32836e-06	1.03105e-06	1.48908e-06	1.76036e-06	1.71444e-06	1.66792e-06	1.3786e-06	1.67187e-06	1.27594e-06	2.29956e-06	9.63803e-07	1.68886e-06	2.08179e-06	1.94999e-06	1.78297e-06	1.35393e-06	1.31459e-06	1.86084e-06	1.8347e-06	1.18821e-06	1.34714e-06	1.41156e-06	1.41777e-06	1.55214e-06	1.72338e-06	1.54854e-06	1.12298e-06	1.97406e-06	1.33876e-06	2.06773e-06	1.73773e-06	1.11867e-06	2.28443e-06	1.65019e-06	1.73221e-06	1.70607e-06	1.67695e-06	1.42048e-06	1.67799e-06	1.7913e-06	1.31958e-06	1.99925e-06	1.64053e-06	1.48965e-06	1.93194e-06	1.49993e-06	0	0	0	0	0	0	0	0	0	0	0	0	0	0	0	0	0	0	0	0	0	0	0	0	0	0	0	0	0	0	0	0	0	0	0	0	0	0	0	0	0	0	0	0	0	0	0	0	0	0
d1_3	0.000332205	9.98418e-05	4.99969e-05	3.42256e-05	2.13678e-05	4.03949e-05	1.07407e-05	1.14639e-05	3.09416e-05	6.25114e-06	4.9764e-06	5.48752e-06	5.29485e-05	4.0676e-06	2.32609e-06	1.8451e-06	2.6577e-06	1.50142e-06	1.05437e-06	9.7845e-07	1.90963e-06	1.22473e-06	1.18882e-06	1.39074e-06	2.52074e-05	2.54594e-05	8.26213e-07	1.0658e-06	1.21802e-06	5.59802e-07	6.12233e-07	1.88455e-06	1.56434e-06	1.05004e-06	1.45565e-06	1.5119e-06	1.09146e-06	1.10296e-06	1.00995e-06	1.56427e-06	1.54908e-06	1.50815e-06	1.12204e-06	9.14862e-07	1.17228e-06	7.79106e-07	1.31436e-06	1.08177e-06	1.25081e-06	1.51847e-06	1.39127e-06	1.19424e-06	1.27084e-06	1.13701e-06	1.06699e-06	1.32821e-06	9.61967e-07	1.07689e-06	7.04997e-07	1.66588e-06	1.00098e-06	7.99562e-07	0	0	0	0	0	0	0	0	0	0	0	0	0	0	0	0	0	0	0	0	0	0	0	0	0	0	0	0	0	0	0	0	0	0	0	0	0	0	0	0	0	0	0	0	0	0	0	0	0	0	0
d1_4	0.000208332	8.78631e-05	4.8656e-05	2.94079e-05	2.06504e-05	1.2927e-05	9.90317e-06	2.96731e-05	6.64038e-06	7.25741e-06	3.96339e-06	2.67871e-05	2.05105e-06	2.27378e-06	1.93388e-06	1.66377e-06	1.11975e-06	1.36855e-06	1.42403e-06	1.11867e-06	1.27017e-06	5.41376e-07	5.85523e-07	6.2921e-07	8.82145e-07	1.10737e-06	7.93286e-07	1.19221e-06	7.66099e-07	7.05317e-07	5.98074e-07	1.05513e-06	9.72702e-07	9.7358e-07	1.05703e-06	5.63505e-07	6.35231e-07	1.18702e-06	1.02408e-06	8.68714e-07	7.52541e-07	1.17154e-06	1.08132e-06	8.64434e-07	9.81447e-07	9.46901e-07	8.41359e-07	7.29701e-07	8.01394e-07	9.69007e-07	1.23338e-06	1.24294e-06	1.00066e-06	9.89513e-07	7.23845e-07	1.87378e-06	1.25301e-06	8.7117e-07	1.48728e-06	1.23969e-06	4.64317e-07	0	0	0	0	0	0	0	0	0	0	0	0	0	0	0	0	0	0	0	0	0	0	0	0	0	0	0	0	0	0	0	0	0	0	0	0	0	0	0	0	0	0	0	0	0	0	0	0	0	0	0	0
d1_5	0.000140914	7.15488e-05	4.10641e-05	2.63699e-05	2.17552e-05	1.69152e-05	9.17454e-06	7.12116e-06	6.37479e-06	6.14082e-06	4.885e-06	2.89324e-05	3.4331e-06	1.73091e-06	2.55219e-06	1.34559e-06	2.32657e-06	1.66144e-06	1.17829e-06	1.98781e-06	9.07141e-07	9.08292e-07	1.04104e-06	3.28921e-07	1.52875e-06	9.07927e-07	9.82224e-07	6.39488e-07	1.04553e-06	7.74653e-07	1.38428e-06	7.79416e-07	6.47995e-07	7.74656e-07	5.492e-07	1.49543e-06	7.85277e-07	7.79993e-07	7.45385e-07	7.13331e-07	7.04736e-07	7.28826e-07	7.87021e-07	8.49079e-07	1.22161e-06	8.14098e-07	6.57845e-07	7.05358e-07	1.01609e-06	1.13629e-06	1.03332e-06	2.8279e-06	2.08346e-06	1.0373e-06	9.75757e-07	6.00924e-07	9.27702e-07	7.65897e-07	8.9029e-07	4.02834e-07	0	0	0	0	0	0	0	0	0	0	0	0	0	0	0	0	0	0	0	0	0	0	0	0	0	0	0	0	0	0	0	0	0	0	0	0	0	0	0	0	0	0	0	0	0	0	0	0	0	0	0	0	0
d1_6	9.88007e-05	6.22378e-05	6.02653e-05	2.64773e-05	1.79011e-05	1.2949e-05	1.28873e-05	7.79638e-06	2.99653e-05	5.51303e-05	3.47394e-06	3.08681e-06	4.56004e-06	1.54917e-06	1.14915e-06	1.10315e-06	1.0476e-06	1.08813e-06	1.21827e-06	7.91384e-06	8.6905e-07	1.27582e-06	1.9508e-06	7.45106e-07	8.99859e-07	5.63812e-07	1.08899e-06	7.59984e-07	7.4814e-07	6.74973e-07	8.39474e-07	6.58171e-07	7.29473e-07	6.93912e-07	5.85508e-07	6.78283e-07	5.54129e-07	6.82925e-07	5.45608e-07	8.32395e-07	8.15143e-07	2.44199e-05	7.22622e-07	1.17635e-06	5.50709e-07	7.68112e-07	6.1685e-07	8.98423e-07	7.04316e-07	5.72843e-07	9.77867e-07	5.82417e-07	7.1864e-07	1.58223e-06	6.11868e-07	7.48576e-07	3.11508e-07	6.53449e-07	3.16874e-07	0	0	0	0	0	0	0	0	0	0	0	0	0	0	0	0	0	0	0	0	0	0	0	0	0	0	0	0	0	0	0	0	0	0	0	0	0	0	0	0	0	0	0	0	0	0	0	0	0	0	0	0	0	0
d1_7	6.88414e-05	5.36181e-05	3.57136e-05	2.537e-05	1.84649e-05	1.33088e-05	3.61289e-05	8.90997e-06	6.59131e-06	4.04414e-06	3.96066e-06	3.278e-06	2.5631e-06	1.92379e-06	2.56717e-06	1.60813e-06	2.71729e-06	1.16007e-06	8.37381e-07	1.14026e-06	1.11464e-06	1.55439e-06	7.31711e-07	7.23396e-07	7.47734e-07	1.46924e-06	6.50483e-07	7.08409e-07	4.07752e-07	1.50608e-06	8.92069e-07	1.28026e-06	5.50969e-07	1.83832e-06	1.16875e-06	4.31165e-07	5.55794e-07	9.5409e-07	2.65887e-07	5.47257e-07	7.40245e-07	9.62527e-07	7.10128e-07	5.53578e-07	6.91226e-07	1.17542e-06	8.58223e-07	6.1903e-07	6.07685e-07	5.88695e-07	1.07697e-06	1.30753e-06	6.95251e-07	8.11289e-07	6.95503e-07	8.06529e-07	6.32329e-07	8.15215e-07	0	0	0	0	0	0	0	0	0	0	0	0	0	0	0	0	0	0	0	0	0	0	0	0	0	0	0	0	0	0	0	0	0	0	0	0	0	0	0	0	0	0	0	0	0	0	0	0	0	0	0	0	0	0	0
d1_8	4.94346e-05	4.14166e-05	3.24352e-05	2.2664e-05	1.81186e-05	3.94444e-05	3.3829e-05	9.20703e-06	6.01344e-06	4.69268e-06	3.70796e-06	3.05909e-06	2.19827e-06	1.36537e-06	2.0165e-06	1.36165e-06	9.78947e-07	9.44124e-07	6.63725e-07	5.7432e-07	8.24595e-07	6.56288e-07	6.69686e-07	5.35158e-07	8.17973e-07	9.72884e-07	1.74359e-06	1.16593e-06	7.10038e-07	1.45599e-06	9.58831e-07	3.9047e-07	7.43821e-07	6.41366e-07	7.97267e-07	1.17458e-06	4.051e-07	5.59957e-07	7.12134e-07	5.98464e-07	7.92708e-07	8.39371e-07	4.23531e-07	7.26861e-07	6.76949e-07	6.25639e-07	3.75533e-07	8.17184e-07	8.12391e-07	9.04991e-07	6.62858e-07	4.51101e-07	4.75233e-07	8.07612e-07	6.90111e-07	5.56305e-07	1.59947e-07	0	0	0	0	0	0	0	0	0	0	0	0	0	0	0	0	0	0	0	0	0	0	0	0	0	0	0	0	0	0	0	0	0	0	0	0	0	0	0	0	0	0	0	0	0	0	0	0	0	0	0	0	0	0	0	0
d1_9	3.57914e-05	3.62326e-05	2.9894e-05	2.14388e-05	1.6029e-05	1.33129e-05	1.17418e-05	8.23976e-06	6.61457e-06	4.8597e-06	4.19129e-06	5.52901e-06	2.62028e-05	2.31502e-06	2.20913e-06	1.46378e-06	1.92877e-06	1.05658e-06	1.15526e-06	5.86289e-07	5.98163e-07	8.11968e-07	7.73828e-07	8.07573e-07	6.52172e-07	5.81949e-07	7.92235e-07	5.98723e-07	5.96607e-07	1.48388e-06	8.09763e-07	6.18809e-07	5.71054e-07	7.09181e-07	4.45788e-07	6.00119e-07	6.28913e-07	5.61051e-07	7.69461e-07	7.90639e-07	1.2504e-06	6.61814e-07	6.83268e-07	7.07064e-07	6.88899e-07	1.338e-06	1.22235e-06	7.11077e-07	7.69007e-07	9.75573e-07	5.74477e-07	6.55305e-07	2.76352e-05	4.68004e-06	6.95839e-07	8.15215e-07	0	0	0	0	0	0	0	0	0	0	0	0	0	0	0	0	0	0	0	0	0	0	0	0	0	0	0	0	0	0	0	0	0	0	0	0	0	0	0	0	0	0	0	0	0	0	0	0	0	0	0	0	0	0	0	0	0
d1_10	2.59278e-05	2.89979e-05	2.53895e-05	2.09619e-05	1.64465e-05	1.33005e-05	1.10048e-05	8.5439e-06	6.24885e-06	6.25891e-06	3.70204e-06	3.26048e-06	2.11539e-06	3.15973e-06	2.38621e-06	1.1569e-06	2.13526e-06	2.18872e-06	1.04549e-06	7.61169e-07	7.35215e-07	7.17242e-07	6.88313e-07	5.48809e-07	1.5497e-06	1.11024e-06	8.61994e-07	5.49478e-07	7.37591e-07	6.34284e-07	8.79475e-07	5.71869e-07	6.87711e-07	4.59511e-07	4.84344e-07	9.42052e-07	1.3169e-06	3.65793e-07	3.70238e-07	9.378e-07	1.29338e-06	1.26232e-06	1.22314e-06	6.78853e-07	2.02115e-06	5.84898e-07	5.98595e-07	5.39958e-07	4.82946e-07	9.7293e-07	6.42527e-07	1.07026e-06	6.0438e-07	7.07227e-07	3.16874e-07	0	0	0	0	0	0	0	0	0	0	0	0	0	0	0	0	0	0	0	0	0	0	0	0	0	0	0	0	0	0	0	0	0	0	0	0	0	0	0	0	0	0	0	0	0	0	0	0	0	0	0	0	0	0	0	0	0	0
d1_11	2.00667e-05	2.39497e-05	2.29908e-05	2.14574e-05	1.57189e-05	1.36502e-05	1.04271e-05	8.54148e-06	5.83175e-06	4.40545e-06	5.08102e-06	3.04792e-06	3.29788e-06	2.93849e-06	1.45179e-06	2.65347e-06	1.23296e-06	1.96472e-06	2.00064e-06	1.47397e-06	8.0604e-07	1.13214e-06	8.34313e-07	9.67137e-07	8.34719e-07	8.7269e-07	9.2139e-07	1.25398e-06	1.09915e-06	9.46015e-07	5.78589e-07	7.54685e-07	1.33597e-06	1.03953e-06	1.02121e-06	9.64341e-07	1.26666e-06	9.02601e-07	1.06881e-06	5.81652e-07	8.59326e-07	7.62358e-07	9.33833e-07	8.83273e-07	7.89985e-07	9.6511e-07	1.19307e-06	8.28647e-07	1.02451e-06	5.88282e-07	7.73406e-07	1.89836e-06	1.16412e-06	4.02834e-07	0	0	0	0	0	0	0	0	0	0	0	0	0	0	0	0	0	0	0	0	0	0	0	0	0	0	0	0	0	0	0	0	0	0	0	0	0	0	0	0	0	0	0	0	0	0	0	0	0	0	0	0	0	0	0	0	0	0	0
d1_12	1.47164e-05	1.93851e-05	2.03529e-05	1.79922e-05	1.53216e-05	3.71886e-05	1.12716e-05	9.2226e-06	1.06673e-05	6.17512e-06	5.5012e-06	5.6181e-06	3.01008e-06	2.69519e-05	2.44151e-06	1.86691e-06	1.92178e-06	1.48974e-06	1.16672e-06	1.62215e-06	1.1786e-06	1.38744e-06	1.55918e-06	1.87926e-06	1.20843e-06	1.58353e-06	1.09211e-06	1.02725e-06	1.69831e-06	8.14931e-07	1.26597e-06	1.04696e-06	1.30859e-06	9.20857e-07	9.86476e-07	9.62459e-07	1.18485e-06	8.95674e-07	9.39819e-07	1.40725e-06	1.80903e-06	9.21609e-07	8.45631e-07	1.26261e-06	1.46433e-06	9.99622e-07	1.29173e-06	7.33164e-07	1.0739e-06	1.02877e-06	1.57404e-06	8.27369e-07	4.64317e-07	0	0	0	0	0	0	0	0	0	0	0	0	0	0	0	0	0	0	0	0	0	0	0	0	0	0	0	0	0	0	0	0	0	0	0	0	0	0	0	0	0	0	0	0	0	0	0	0	0	0	0	0	0	0	0	0	0	0	0	0
d1_13	9.96553e-06	1.56591e-05	1.7253e-05	1.58572e-05	1.36337e-05	1.24751e-05	1.01528e-05	9.57191e-06	3.11694e-05	5.92035e-06	4.16341e-06	3.59365e-06	3.51913e-06	2.8082e-06	2.38903e-06	1.87043e-06	1.82341e-06	1.86045e-06	1.3215e-06	1.51299e-06	1.32603e-06	1.63682e-06	1.82664e-06	8.92975e-07	1.11593e-06	1.34541e-06	8.34171e-07	7.70274e-07	1.62077e-06	1.17083e-06	1.70787e-06	1.68862e-06	1.24366e-06	8.99656e-07	1.29852e-06	6.64042e-07	1.04374e-06	9.54352e-07	1.28391e-06	9.4868e-07	1.08915e-06	8.53445e-07	7.96018e-07	1.41569e-06	2.66281e-06	1.12078e-06	1.13108e-06	1.01495e-06	1.34406e-06	9.74906e-07	1.0459e-06	7.99562e-07	0	0	0	0	0	0	0	0	0	0	0	0	0	0	0	0	0	0	0	0	0	0	0	0	0	0	0	0	0	0	0	0	0	0	0	0	0	0	0	0	0	0	0	0	0	0	0	0	0	0	0	0	0	0	0	0	0	0	0	0	0
d1_14	7.46484e-06	1.27665e-05	1.61061e-05	1.50041e-05	1.49073e-05	1.18661e-05	1.11334e-05	9.35663e-06	8.80921e-06	7.54109e-06	4.90979e-06	4.21493e-06	4.27961e-06	4.654e-06	3.4675e-06	3.41005e-06	2.60546e-06	2.23981e-06	2.66768e-06	1.6875e-06	2.51104e-06	1.58646e-06	1.47568e-06	2.70882e-05	1.31841e-06	1.69237e-06	1.38134e-06	1.95807e-06	1.69724e-06	1.68701e-06	1.483e-06	1.95777e-06	1.63295e-06	2.49762e-06	1.78883e-06	1.41088e-06	1.22869e-06	1.64385e-06	1.77903e-06	1.22103e-06	1.26428e-06	1.55308e-06	1.52138e-06	1.57598e-06	1.45496e-06	1.7852e-06	1.31538e-06	1.9378e-06	1.27006e-06	1.76508e-06	1.49993e-06	0	0	0	0	0	0	0	0	0	0	0	0	0	0	0	0	0	0	0	0	0	0	0	0	0	0	0	0	0	0	0	0	0	0	0	0	0	0	0	0	0	0	0	0	0	0	0	0	0	0	0	0	0	0	0	0	0	0	0	0	0	0
d1_15	5.49482e-06	1.07338e-05	1.31445e-05	1.38968e-05	1.40742e-05	1.38738e-05	1.12776e-05	9.19459e-06	9.072e-06	6.80085e-06	6.67238e-06	6.01803e-06	5.22187e-06	4.13874e-06	5.07411e-06	4.24632e-06	3.76719e-06	3.56852e-06	4.07562e-06	3.25683e-06	3.92074e-06	2.71227e-06	2.81372e-06	3.15309e-06	3.098e-06	4.11514e-06	3.00363e-06	4.64831e-06	3.04084e-06	3.44433e-06	3.80235e-06	3.15687e-06	3.89133e-06	3.40359e-06	3.38218e-06	3.85127e-06	2.6683e-06	4.10157e-06	3.20461e-06	3.09311e-06	3.06154e-06	2.95732e-06	3.31233e-06	3.47799e-06	3.61093e-06	2.50198e-06	4.17135e-06	3.32915e-06	2.93519e-06	1.75224e-06	0	0	0	0	0	0	0	0	0	0	0	0	0	0	0	0	0	0	0	0	0	0	0	0	0	0	0	0	0	0	0	0	0	0	0	0	0	0	0	0	0	0	0	0	0	0	0	0	0	0	0	0	0	0	0	0	0	0	0	0	0	0	0
d1_16	6.82947e-06	1.9714e-05	3.55068e-05	5.41044e-05	7.04542e-05	8.58662e-05	9.89911e-05	0.000112191	0.000117309	0.000125176	0.000132665	0.000189827	0.000144958	0.000147315	0.000174655	0.000155783	0.000158541	0.00016711	0.000191165	0.000161029	0.000240788	0.000164793	0.000191913	0.000219611	0.000194295	0.000182075	0.000183161	0.000203296	0.000231629	0.000190023	0.000270575	0.00026068	0.000198518	0.00022341	0.000199321	0.000251865	0.00023412	0.000277982	0.000210878	0.000278841	0.000237578	0.000236488	0.000288042	0.000246974	0.000276426	0.000328372	0.000334384	0.000267009	0.000131471	0	0	0	0	0	0	0	0	0	0	0	0	0	0	0	0	0	0	0	0	0	0	0	0	0	0	0	0	0	0	0	0	0	0	0	0	0	0	0	0	0	0	0	0	0	0	0	0	0	0	0	0	0	0	0	0	0	0	0	0	0	0	0	0
