	d0_0	d0_1	d0_2	d0_3	d0_4	d0_5	d0_6	d0_7	d0_8	d0_9	d0_10	d0_11	d0_12	d0_13	d0_14
d1_0	0	0.0552931	0.0204889	0.010105	0.00561198	0.00316343	0.00191559	0.0011544	0.000740661	0.000438446	0.000243519	0.000149598	8.12357e-05	4.18615e-05	1.98422e-05
d1_1	0.286304	0.00704881	0.00451281	0.00321376	0.00230894	0.00171804	0.00121911	0.000891757	0.000633615	0.000471135	0.000290266	0.000226998	0.000132985	8.56228e-05	4.4838e-05
d1_2	0.127081	0.00380078	0.00225671	0.00170543	0.00135818	0.00109975	0.000865046	0.000674019	0.000520875	0.000386737	0.000295991	0.000201113	0.00015826	0.000119344	5.76822e-05
d1_3	0.0749948	0.00266319	0.00143927	0.00107668	0.000889292	0.000727047	0.000616972	0.000538346	0.000407517	0.000315531	0.000270037	0.00019135	0.000138601	0.000100783	6.09657e-05
d1_4	0.0500317	0.00203855	0.00105839	0.000761982	0.000620102	0.00054797	0.000464694	0.0003847	0.000333807	0.000279162	0.000219553	0.000178895	0.000156578	9.90701e-05	6.99388e-05
d1_5	0.0360029	0.00167911	0.000804528	0.000542453	0.000454867	0.00037591	0.000336082	0.000303336	0.000236821	0.000241577	0.000199663	0.00018374	0.00013212	0.000109937	7.26824e-05
d1_6	0.0267895	0.00138394	0.000642105	0.000458693	0.000380858	0.000322162	0.000280521	0.000259369	0.000226984	0.00019463	0.00015808	0.000123251	0.000111252	9.96016e-05	6.40387e-05
d1_7	0.0205933	0.00125613	0.000546626	0.000365094	0.000306562	0.000283168	0.000241592	0.000221872	0.000200495	0.000153494	0.000154931	0.000133981	9.77232e-05	8.54652e-05	5.51514e-05
d1_8	0.016326	0.0011524	0.000487624	0.000346413	0.000282846	0.000260046	0.000211208	0.000197735	0.00016589	0.000149221	0.000136158	0.000114915	0.000106188	8.30304e-05	8.41019e-05
d1_9	0.0132697	0.00105128	0.000440703	0.000334662	0.000261659	0.000211373	0.000187885	0.000172122	0.000163686	0.000136712	0.0001259	0.000119162	0.00010217	8.85181e-05	7.24488e-05
d1_10	0.0106372	0.00100214	0.000469343	0.000291585	0.000244143	0.000200258	0.000182394	0.000158103	0.000156803	0.000140287	0.000134536	0.000102699	8.609e-05	9.21188e-05	8.16399e-05
d1_11	0.00883453	0.000910853	0.000413291	0.000299632	0.000209624	0.000211186	0.000159547	0.000130935	0.00013099	0.000107285	0.000109922	9.02972e-05	0.000115987	8.67043e-05	7.18316e-05
d1_12	0.0076476	0.000854757	0.000414807	0.000282094	0.000191716	0.000172726	0.000169291	0.000158831	0.000142327	0.000124475	0.000123028	0.000104411	8.96346e-05	7.96762e-05	0.000103889
d1_13	0.0063308	0.000780526	0.000362368	0.000276399	0.000196467	0.000192299	0.000184476	0.000146574	0.000139007	0.000103409	9.34256e-05	0.000112232	9.11159e-05	0.000103593	7.5943e-05
d1_14	0.00543494	0.000723606	0.000371245	0.000245942	0.000193278	0.00017687	0.000176809	0.000167235	0.000150028	0.000116088	0.000104558	0.000100722	8.58483e-05	8.09449e-05	9.84927e-05
d1_15	0.00469809	0.000667549	0.000351977	0.000254651	0.000221411	0.000171157	0.000156456	0.000147967	0.000159033	0.000140256	0.000121234	9.89637e-05	0.000127567	0.000119371	0.000117447
d1_16	0.00420177	0.000645807	0.000345126	0.000211423	0.000194238	0.000174955	0.000188372	0.000149471	0.000124297	0.000113731	0.000131307	0.00011154	0.00010133	9.97149e-05	0.000118315
d1_17	0.00358681	0.000626204	0.000343257	0.000236223	0.000216517	0.000196341	0.000182245	0.000132974	0.00014586	0.000117492	0.000125078	0.000113372	0.000122057	9.62318e-05	8.45616e-05
d1_18	0.00320123	0.000575293	0.00031736	0.000221164	0.000226948	0.000176185	0.000170317	0.000142014	0.000138532	0.000135173	0.000123235	0.00012285	0.000101468	9.60367e-05	0.00010036
d1_19	0.00283402	0.00056269	0.000307169	0.000232467	0.000199962	0.000164451	0.000157511	0.000143146	0.000141299	0.000112891	0.000122342	0.000111467	9.06759e-05	0.000122328	0.000102627
d1_20	0.00249075	0.000570337	0.000346776	0.000231321	0.000191889	0.000178273	0.000166573	0.000149327	0.000139673	0.00012394	0.000126288	0.000115413	0.000108067	0.000120287	0.000133213
d1_21	0.00222878	0.000526367	0.000315596	0.000213564	0.000198185	0.000160173	0.000138576	0.00014182	0.000122422	0.000131194	0.0001195	9.62398e-05	0.000119007	0.000132057	0.000143633
d1_22	0.00215593	0.000476052	0.000319916	0.000223636	0.000228712	0.000176241	0.000152235	0.000157394	0.000121658	0.000129446	0.00012428	0.000118935	0.000106319	0.000100855	0.000139708
d1_23	0.00190476	0.000440937	0.000297033	0.000252557	0.000206265	0.000166548	0.000147082	0.000137641	0.000168547	0.000153032	0.000124487	0.000115192	0.000114486	0.000124295	0.000158497
d1_24	0.00166886	0.000498525	0.000276241	0.000234313	0.000197721	0.000199834	0.00014716	0.000164442	0.000152864	0.000134057	0.000123608	0.000123225	0.000113283	0.000121079	0.000137507
d1_25	0.00151532	0.000417262	0.000266977	0.000209949	0.000177396	0.000203765	0.000145607	0.000167881	0.000141653	0.000131728	0.000131408	0.000125752	0.00014605	0.000115204	0.000163285
d1_26	0.00139372	0.000426202	0.000280772	0.000245578	0.000187601	0.000178229	0.00015061	0.000141465	0.00014668	0.000128731	0.000116685	0.000110596	0.000145823	0.000140358	0.000179378
d1_27	0.00137025	0.000394434	0.000242165	0.00020274	0.000195011	0.000166448	0.000162381	0.000163395	0.000165446	0.00015475	0.000142874	0.000135335	0.000131012	0.000135015	0.000198107
d1_28	0.00119145	0.000440613	0.00025099	0.000220423	0.000179145	0.000168492	0.000151439	0.0001558	0.000166312	0.000154828	0.000139523	0.000131964	0.000133915	0.000159877	0.000215492
d1_29	0.00106673	0.000378435	0.00026246	0.000204736	0.00017709	0.000190749	0.00017616	0.000161693	0.000171444	0.000136729	0.000148705	0.000156304	0.00013249	0.000161749	0.000221725
d1_30	0.00105749	0.000364957	0.000241308	0.000203658	0.000191928	0.000166921	0.00017939	0.000139637	0.000167443	0.000163009	0.000147085	0.000136075	0.0001716	0.000163651	0.000193858
d1_31	0.000967043	0.000368794	0.000243513	0.000219323	0.000197679	0.000165477	0.000180971	0.000149255	0.000150746	0.000122879	0.000151763	0.000122442	0.000141089	0.000147737	0.000238067
d1_32	0.000865541	0.000397459	0.00025855	0.00020751	0.000190696	0.000172276	0.000172977	0.00013709	0.000160239	0.000139389	0.00013474	0.000143682	0.000139286	0.000177532	0.000213408
d1_33	0.000826606	0.000338633	0.000213204	0.000199176	0.000185455	0.000200272	0.000142056	0.000157681	0.000144347	0.000142121	0.000136078	0.000137887	0.000167259	0.000179068	0.000265113
d1_34	0.000786591	0.000298077	0.000224223	0.000174675	0.000167054	0.00016486	0.000150793	0.000159607	0.00016492	0.000143429	0.000145779	0.000159212	0.000170077	0.000172854	0.00025774
d1_35	0.000715428	0.000283816	0.000216716	0.000165412	0.000184021	0.000171107	0.000157401	0.000147315	0.000128089	0.000130642	0.000148503	0.000156249	0.000152613	0.000230471	0.000302489
d1_36	0.000702219	0.00028218	0.00022925	0.000189004	0.000155044	0.000162895	0.000175594	0.000153326	0.000141482	0.000147035	0.000165062	0.000137601	0.000141882	0.000205621	0.000152519
d1_37	0.000658376	0.000315747	0.000197293	0.000192257	0.000167863	0.000154858	0.000137804	0.000124824	0.000162352	0.000151745	0.000154965	0.000124885	0.000174354	0.000103174	0
d1_38	0.00062685	0.000273721	0.000212631	0.000196704	0.000159005	0.000153937	0.00013726	0.000145987	0.000168146	0.000166313	0.000177444	0.00014788	8.35634e-05	0	0
d1_39	0.000548184	0.000295396	0.000213676	0.00020692	0.000165609	0.000159102	0.000154025	0.000143672	0.000143231	0.000158913	0.000114374	7.96316e-05	0	0	0
d1_40	0.000552152	0.000277546	0.000203935	0.000192938	0.000153716	0.000172027	0.000175683	0.000166962	0.000188662	0.000146164	8.31734e-05	0	0	0	0
d1_41	0.000503806	0.000283973	0.000211611	0.000202006	0.000155506	0.000165885	0.000165238	0.000157059	0.000167793	7.95216e-05	0	0	0	0	0
d1_42	0.000475041	0.000238714	0.000192803	0.000173292	0.000157087	0.000154086	0.000141801	0.000151353	7.86082e-05	0	0	0	0	0	0
d1_43	0.00044209	0.000247791	0.000172551	0.000162853	0.000159638	0.000154647	0.000158698	8.37573e-05	0	0	0	0	0	0	0
d1_44	0.000424806	0.000225779	0.000178722	0.000176589	0.000164512	0.000145368	7.86082e-05	0	0	0	0	0	0	0	0
d1_45	0.00048354	0.000262479	0.000134457	0.00018807	0.000161234	7.95216e-05	0	0	0	0	0	0	0	0	0
d1_46	0.00036389	0.000194733	0.000193447	0.000184405	8.31734e-05	0	0	0	0	0	0	0	0	0	0
d1_47	0.000389014	0.000229447	0.00019338	7.96316e-05	0	0	0	0	0	0	0	0	0	0	0
d1_48	0.000346692	0.000203072	8.35634e-05	0	0	0	0	0	0	0	0	0	0	0	0
d1_49	0.000315263	0.000103174	0	0	0	0	0	0	0	0	0	0	0	0	0
d1_50	0.000152519	0	0	0	0	0	0	0	0	0	0	0	0	0	0
d1_51	0	0	0	0	0	0	0	0	0	0	0	0	0	0	0
d1_52	0	0	0	0	0	0	0	0	0	0	0	0	0	0	0
d1_53	0	0	0	0	0	0	0	0	0	0	0	0	0	0	0
d1_54	0	0	0	0	0	0	0	0	0	0	0	0	0	0	0
d1_55	0	0	0	0	0	0	0	0	0	0	0	0	0	0	0
d1_56	0	0	0	0	0	0	0	0	0	0	0	0	0	0	0
d1_57	0	0	0	0	0	0	0	0	0	0	0	0	0	0	0
d1_58	0	0	0	0	0	0	0	0	0	0	0	0	0	0	0
d1_59	0	0	0	0	0	0	0	0	0	0	0	0	0	0	0
d1_60	0	0	0	0	0	0	0	0	0	0	0	0	0	0	0
d1_61	0	0	0	0	0	0	0	0	0	0	0	0	0	0	0
d1_62	0	0	0	0	0	0	0	0	0	0	0	0	0	0	0
d1_63	0	0	0	0	0	0	0	0	0	0	0	0	0	0	0
d1_64	0	0	0	0	0	0	0	0	0	0	0	0	0	0	0
d1_65	0	0	0	0	0	0	0	0	0	0	0	0	0	0	0
d1_66	0	0	0	0	0	0	0	0	0	0	0	0	0	0	0
d1_67	0	0	0	0	0	0	0	0	0	0	0	0	0	0	0
d1_68	0	0	0	0	0	0	0	0	0	0	0	0	0	0	0
d1_69	0	0	0	0	0	0	0	0	0	0	0	0	0	0	0
d1_70	0	0	0	0	0	0	0	0	0	0	0	0	0	0	0
d1_71	0	0	0	0	0	0	0	0	0	0	0	0	0	0	0
d1_72	0	0	0	0	0	0	0	0	0	0	0	0	0	0	0
d1_73	0	0	0	0	0	0	0	0	0	0	0	0	0	0	0
d1_74	0	0	0	0	0	0	0	0	0	0	0	0	0	0	0
d1_75	0	0	0	0	0	0	0	0	0	0	0	0	0	0	0
d1_76	0	0	0	0	0	0	0	0	0	0	0	0	0	0	0
d1_77	0	0	0	0	0	0	0	0	0	0	0	0	0	0	0
d1_78	0	0	0	0	0	0	0	0	0	0	0	0	0	0	0
d1_79	0	0	0	0	0	0	0	0	0	0	0	0	0	0	0
d1_80	0	0	0	0	0	0	0	0	0	0	0	0	0	0	0
d1_81	0	0	0	0	0	0	0	0	0	0	0	0	0	0	0
d1_82	0	0	0	0	0	0	0	0	0	0	0	0	0	0	0
d1_83	0	0	0	0	0	0	0	0	0	0	0	0	0	0	0
d1_84	0	0	0	0	0	0	0	0	0	0	0	0	0	0	0
d1_85	0	0	0	0	0	0	0	0	0	0	0	0	0	0	0
d1_86	0	0	0	0	0	0	0	0	0	0	0	0	0	0	0
