NANC	NPOP1	NPOP2	TDIV	TPROP	MIG12	MIG21	ISO	MaxEstLhood	MaxObsLhood
37460	314335	120690	44992	0.1286725	5.28999e-05	4.74602e-05	5789	-175871.408	-175796.941
38996	321433	122526	44238	0.1271058	5.26866e-05	4.82814e-05	5623	-176751.784	-176685.455
38501	323558	122240	43966	0.1302692	5.10166e-05	4.73025e-05	5727	-175800.157	-175741.283
38089	315610	124647	44341	0.1222868	5.46752e-05	4.73460e-05	5422	-175209.743	-175154.839
37351	309780	119610	45047	0.1234687	5.40839e-05	4.81218e-05	5562	-175302.177	-175236.856
36897	313235	122715	44609	0.1339721	4.92741e-05	4.61669e-05	5976	-174656.134	-174594.313
37414	327489	117527	44467	0.1322413	4.98683e-05	4.95283e-05	5880	-175953.186	-175897.008
39601	315357	123499	44047	0.1229505	5.70842e-05	4.58792e-05	5416	-175872.303	-175810.813
40711	320982	121555	42885	0.1275572	5.18639e-05	4.74771e-05	5470	-175931.130	-175862.487
39523	318241	121620	44265	0.1260787	5.37772e-05	4.87770e-05	5581	-175938.845	-175875.347
37562	311293	120640	45203	0.1329923	5.23336e-05	4.55746e-05	6012	-176580.171	-176495.694
39219	319893	121663	44551	0.1267307	5.14357e-05	4.90462e-05	5646	-175743.938	-175678.201
39443	328060	119817	43892	0.1382120	4.84517e-05	4.72477e-05	6066	-176155.513	-176104.790
38782	322583	122111	43477	0.1260291	5.30935e-05	4.87009e-05	5479	-175843.464	-175785.845
38630	315383	120720	44605	0.1310718	5.06432e-05	4.79688e-05	5846	-175436.821	-175369.535
36401	321204	121050	45868	0.1216109	5.10163e-05	5.01550e-05	5578	-176431.632	-176373.223
40147	321413	122941	43121	0.1232289	5.51556e-05	5.00652e-05	5314	-174765.572	-174710.251
36717	310028	121833	43716	0.1172939	5.68027e-05	5.03561e-05	5128	-174181.992	-174125.215
37463	320661	124169	44730	0.1197550	5.57735e-05	4.76015e-05	5357	-175218.557	-175155.600
40405	315981	123435	44046	0.1269363	5.41566e-05	4.55828e-05	5591	-175268.714	-175209.672
37600	318698	122883	45037	0.1303431	5.07871e-05	4.66710e-05	5870	-175730.945	-175668.452
38139	312401	126927	43258	0.1204425	5.64684e-05	4.69176e-05	5210	-174396.280	-174336.748
37879	319042	121026	44293	0.1209722	5.60051e-05	4.84470e-05	5358	-174478.875	-174426.438
39182	318914	122365	44171	0.1333640	5.07386e-05	4.73181e-05	5891	-176259.409	-176196.383
38548	319037	125105	44234	0.1320095	5.26077e-05	4.57066e-05	5839	-175556.135	-175486.006
39070	316912	123889	44049	0.1286464	5.32385e-05	4.56611e-05	5667	-175774.438	-175711.789
39252	320606	121165	43856	0.1219591	5.18373e-05	4.91368e-05	5349	-175931.457	-175873.931
37621	314749	118507	45638	0.1226914	5.44824e-05	4.79618e-05	5599	-175524.175	-175459.868
37661	317110	121231	45333	0.1268568	5.24825e-05	4.78586e-05	5751	-176223.446	-176154.178
40734	314151	126050	43473	0.1335311	5.31816e-05	4.43483e-05	5805	-175550.811	-175483.921
38292	326870	122313	44006	0.1397307	4.92887e-05	4.63734e-05	6149	-176820.217	-176757.053
40201	320159	127721	42696	0.1425044	5.23657e-05	4.31155e-05	6084	-174786.410	-174717.968
38120	324772	122940	44673	0.1278063	5.27212e-05	4.64982e-05	5710	-176662.819	-176595.053
39426	315804	121614	44224	0.1363625	4.90264e-05	4.61832e-05	6030	-175741.103	-175678.772
39213	320639	121763	44471	0.1275224	5.26871e-05	4.71559e-05	5671	-175975.951	-175920.184
39751	315365	124228	44519	0.1302425	5.45579e-05	4.39062e-05	5798	-177146.642	-177079.828
38881	321032	122938	44333	0.1271839	5.30299e-05	4.67916e-05	5639	-176652.250	-176589.556
39266	321660	121697	43449	0.1244989	5.48216e-05	4.94415e-05	5409	-176119.455	-176064.312
40704	318979	126071	43462	0.1263815	5.26091e-05	4.93843e-05	5493	-176304.464	-176240.023
38640	317664	124526	43668	0.1357734	5.12679e-05	4.60635e-05	5929	-175461.405	-175400.773
39819	323445	123241	43259	0.1305403	5.42172e-05	4.53249e-05	5647	-174966.529	-174896.751
37787	324714	123408	44505	0.1239330	5.38554e-05	4.70548e-05	5516	-176632.817	-176569.092
38654	314584	124781	44116	0.1183933	5.76592e-05	4.75918e-05	5223	-174962.651	-174901.013
38241	317435	121018	45229	0.1329000	4.91300e-05	4.54064e-05	6011	-176333.821	-176272.177
38459	318706	121585	44204	0.1323804	5.03308e-05	4.66990e-05	5852	-175554.429	-175483.659
39138	319237	121269	44278	0.1326943	5.16654e-05	4.57298e-05	5875	-175963.183	-175907.662
40277	321747	122104	44263	0.1295986	5.16600e-05	4.60423e-05	5736	-176825.724	-176751.557
37206	322057	120754	45071	0.1199825	5.39345e-05	4.86224e-05	5408	-175527.114	-175467.345
37422	321196	122884	45554	0.1143593	5.65410e-05	4.98319e-05	5210	-176173.529	-176106.978
39732	316558	126116	42548	0.1297713	5.41040e-05	4.61782e-05	5522	-174891.510	-174825.791
39005	324397	120820	44610	0.1277157	5.05361e-05	4.99147e-05	5697	-176464.722	-176404.196
37012	321788	119128	45522	0.1202448	5.25420e-05	4.94453e-05	5474	-176668.153	-176599.363
39999	315540	125861	41916	0.1376281	5.24885e-05	4.67739e-05	5769	-174413.897	-174352.512
38845	322190	121072	44921	0.1331201	4.94324e-05	4.46394e-05	5980	-176442.446	-176377.413
37120	313415	123110	44510	0.1294927	5.17618e-05	4.77592e-05	5764	-174939.522	-174877.459
40166	318534	124212	42776	0.1306635	5.52554e-05	4.76230e-05	5589	-175528.101	-175468.090
39929	320392	123493	43657	0.1313381	5.34566e-05	4.64297e-05	5734	-175839.210	-175775.021
39282	315237	122083	44845	0.1387009	4.88480e-05	4.75578e-05	6220	-176059.622	-175988.026
36716	319256	120596	44373	0.1321420	5.06842e-05	4.72475e-05	5864	-174380.998	-174311.966
38401	320553	122042	44687	0.1247945	5.20276e-05	4.90041e-05	5577	-176057.792	-175980.413
36126	317881	121282	45415	0.1259954	5.13447e-05	4.86346e-05	5722	-175201.143	-175136.245
36361	321364	119727	45843	0.1198021	5.27704e-05	5.22760e-05	5492	-176943.937	-176883.078
38050	321468	124793	43762	0.1170284	5.84376e-05	4.92851e-05	5121	-175475.527	-175422.321
37535	319812	120457	44628	0.1320046	5.04474e-05	4.83106e-05	5891	-175528.108	-175460.222
38682	307915	121334	45751	0.1293270	5.01827e-05	4.60622e-05	5917	-175755.840	-175693.668
38829	314135	124521	43264	0.1227680	5.81658e-05	4.64390e-05	5311	-174340.697	-174275.328
38035	314580	122595	45419	0.1265310	5.22788e-05	4.57845e-05	5747	-175825.379	-175761.913
39188	320395	124884	44772	0.1283242	5.36044e-05	4.55364e-05	5745	-176062.284	-176010.869
37440	319537	126487	45639	0.1322409	5.06133e-05	4.45993e-05	6035	-177012.898	-176951.392
37968	326836	122008	44041	0.1235029	5.47752e-05	4.84739e-05	5439	-175715.635	-175652.691
38014	322548	118742	45856	0.1247253	5.10332e-05	4.78386e-05	5719	-176772.122	-176696.152
40365	323240	118357	44188	0.1311594	5.06430e-05	4.80369e-05	5796	-176065.389	-175993.212
37736	321012	120384	45010	0.1275603	5.33534e-05	4.84468e-05	5742	-175727.458	-175661.937
41031	321689	124062	44476	0.1323311	5.10802e-05	4.56197e-05	5886	-176862.241	-176796.338
39978	318280	122435	43824	0.1302054	5.22307e-05	4.82842e-05	5706	-175731.540	-175679.042
38084	317088	119459	45183	0.1293612	5.35725e-05	4.95274e-05	5845	-175716.599	-175648.756
37800	310007	124583	45869	0.1295723	5.45232e-05	4.39476e-05	5943	-175675.622	-175623.454
38999	321429	121060	43479	0.1327146	5.17810e-05	4.68126e-05	5770	-175369.884	-175311.775
37830	324067	121993	44897	0.1307123	5.28654e-05	4.71294e-05	5869	-176889.384	-176833.751
37882	319683	119723	45185	0.1168002	5.34786e-05	5.12613e-05	5278	-175920.052	-175854.623
39541	316438	122387	43942	0.1327051	5.02096e-05	4.74076e-05	5831	-175655.247	-175590.578
38858	324587	120979	44786	0.1274718	5.39994e-05	4.74474e-05	5709	-175709.864	-175640.807
37494	326262	119332	44960	0.1321207	4.90482e-05	4.80214e-05	5940	-175399.718	-175342.090
38260	315064	124387	44125	0.1270092	5.47017e-05	4.56495e-05	5604	-174540.141	-174491.496
36342	316357	121596	45164	0.1228377	5.22050e-05	4.82351e-05	5548	-175670.484	-175608.311
37554	319551	119616	44646	0.1241904	5.49912e-05	4.85196e-05	5545	-174723.788	-174664.565
38747	319513	120880	44375	0.1264448	5.27475e-05	4.96038e-05	5611	-175500.255	-175435.091
38249	321361	125635	44846	0.1287298	5.52935e-05	4.51844e-05	5773	-176275.800	-176217.611
38618	319973	119610	43567	0.1348193	5.20131e-05	4.64024e-05	5874	-174740.756	-174679.059
37526	317389	125052	44496	0.1207168	5.65503e-05	4.92289e-05	5371	-175916.383	-175854.800
37943	325106	119932	44205	0.1281201	5.11197e-05	4.77209e-05	5664	-175670.206	-175609.717
37614	317209	121302	44327	0.1334918	4.91199e-05	4.78716e-05	5917	-174941.335	-174865.685
38529	324258	124519	43986	0.1330860	5.13399e-05	4.63896e-05	5854	-175890.362	-175827.407
38435	315686	124735	44902	0.1270513	5.45149e-05	4.59023e-05	5705	-175920.573	-175865.779
38392	327776	121810	44889	0.1430735	4.83495e-05	4.40552e-05	6422	-176501.643	-176437.910
37197	314661	122583	46562	0.1175186	5.56682e-05	4.76480e-05	5472	-176853.591	-176786.860
39507	319856	122272	44347	0.1243013	5.30407e-05	4.78631e-05	5512	-176089.987	-176022.679
38023	312519	126317	44783	0.1287505	5.31204e-05	4.43876e-05	5766	-175934.584	-175873.422
38201	319787	126354	44840	0.1336877	5.19237e-05	4.55059e-05	5995	-176220.765	-176161.677
40703	323382	122524	43774	0.1284106	5.14211e-05	4.72727e-05	5621	-176638.385	-176580.288
