NANC	NPOP1	NPOP2	TDIV	MIG21	MIG12	MaxEstLhood	MaxObsLhood
795714	380833	939	107323	5.06508e-05	1.13069e-05	-100015.799	-99962.534
818130	376257	1115	105693	5.12669e-05	9.52560e-06	-99607.073	-99558.157
854519	376257	1115	105693	5.12669e-05	9.52560e-06	-99805.112	-99748.952
917376	376257	1115	105693	5.12669e-05	9.52560e-06	-100661.466	-100620.478
765681	368733	1453	100678	5.07875e-05	7.38136e-06	-101373.004	-101336.701
754131	387658	1136	107399	4.97591e-05	9.42937e-06	-100402.481	-100348.951
797679	387619	1229	109695	4.97641e-05	9.66554e-06	-99343.895	-99303.582
866872	367790	1128	107228	5.24214e-05	1.27193e-05	-98261.996	-98221.212
860608	380020	1116	105693	5.07593e-05	9.51897e-06	-100758.890	-100695.310
850262	387405	854	112563	4.97768e-05	1.38378e-05	-100351.776	-100297.835
986448	383849	1020	112693	5.02529e-05	1.05594e-05	-100612.239	-100553.821
719287	387952	1365	106296	4.97214e-05	7.77039e-06	-100377.325	-100328.395
930422	372457	1220	104636	5.17899e-05	9.10802e-06	-101352.886	-101280.908
777211	383871	1399	110804	4.87704e-05	7.76300e-06	-99883.374	-99821.813
695656	386745	1568	105869	4.98766e-05	7.08034e-06	-99246.886	-99205.483
811103	382765	1266	112564	4.88970e-05	8.82420e-06	-98981.649	-98930.672
818130	376257	1115	105693	5.12669e-05	9.52560e-06	-100067.722	-100017.745
935355	383183	1391	110935	5.03402e-05	9.56679e-06	-100603.430	-100563.518
739776	393955	934	108374	4.89638e-05	1.14180e-05	-101828.185	-101791.627
1044204	380447	1030	116425	4.92237e-05	1.08990e-05	-102148.992	-102070.258
900177	401817	1093	119405	4.80057e-05	1.03088e-05	-100201.929	-100162.514
703888	393015	1086	107720	4.90663e-05	1.00462e-05	-100544.769	-100492.594
710656	397487	1252	114987	4.85000e-05	1.13725e-05	-99657.486	-99611.850
818130	380865	1225	105693	5.06466e-05	8.66891e-06	-100531.022	-100477.865
739254	390608	1330	112511	4.79432e-05	9.40086e-06	-102165.042	-102107.810
778463	386614	1576	112296	4.98787e-05	1.15611e-05	-101012.932	-100908.784
840002	380020	1115	105693	5.07593e-05	9.52560e-06	-99741.961	-99674.125
874552	380020	1156	107447	5.07593e-05	9.61206e-06	-100019.947	-99957.199
803903	383195	1044	105693	5.03387e-05	1.01718e-05	-101364.176	-101299.693
635828	393889	1434	114442	4.71168e-05	1.03665e-05	-100101.735	-100031.084
793773	368733	984	106852	5.07875e-05	1.07974e-05	-100037.211	-99976.113
806716	363424	1090	97069	5.30772e-05	9.68888e-06	-100330.478	-100269.605
857756	380618	1096	112005	5.06795e-05	1.01400e-05	-98000.658	-97936.732
749515	383820	1098	105372	5.02567e-05	9.73216e-06	-99185.503	-99105.893
837476	383781	1080	108682	5.02469e-05	1.05198e-05	-99528.138	-99479.824
1185236	398862	879	138131	4.55954e-05	1.35579e-05	-101179.097	-101133.021
771199	367494	1204	103505	5.09586e-05	9.15041e-06	-99573.657	-99523.095
761417	380020	1115	105693	5.07593e-05	9.96852e-06	-98275.089	-98234.462
853598	372494	1270	104636	5.17847e-05	9.60055e-06	-100235.016	-100180.678
819778	377198	1406	111069	4.94409e-05	9.30349e-06	-101491.752	-101412.800
756011	385961	1033	109411	4.99780e-05	1.43267e-05	-100605.381	-100537.194
624426	377821	1008	106022	4.81345e-05	1.05910e-05	-101974.584	-101927.133
781617	383705	1591	104666	5.02718e-05	6.83991e-06	-100677.549	-100638.887
738027	390681	1175	111942	4.93741e-05	9.27526e-06	-98015.760	-97952.095
737868	392699	1443	117383	4.76879e-05	8.86969e-06	-99809.579	-99769.508
796944	385609	1542	115503	4.85506e-05	7.80948e-06	-99488.182	-99398.173
1345652	369485	1648	118177	5.21911e-05	1.24512e-05	-99487.968	-99415.841
842672	384129	1034	108988	5.02162e-05	1.12786e-05	-100153.615	-100078.158
573846	398876	1197	106660	4.83597e-05	9.29163e-06	-100319.970	-100257.484
656460	392884	1101	113647	4.76515e-05	1.10015e-05	-99863.355	-99811.176
877746	387658	1518	109553	4.97591e-05	6.99641e-06	-99855.429	-99814.330
798027	380020	1509	107702	5.07593e-05	8.38041e-06	-99392.659	-99313.713
1206851	385884	915	121537	4.99582e-05	1.29393e-05	-99626.731	-99581.234
693905	397966	1143	112986	4.84560e-05	1.20341e-05	-101218.297	-101133.803
923577	376257	1126	106750	5.12669e-05	9.43128e-06	-101207.741	-101155.284
740507	373543	1341	99805	5.16241e-05	8.23345e-06	-101027.183	-100965.439
1124217	393506	1198	122425	4.89906e-05	1.02850e-05	-100344.329	-100278.733
898575	374012	1179	112716	5.00559e-05	9.63259e-06	-99393.711	-99337.217
931607	376413	1404	113181	4.93405e-05	7.59296e-06	-98482.907	-98431.089
693398	385909	1229	104730	4.99846e-05	8.64201e-06	-98889.542	-98846.360
616059	395168	1368	113009	4.73900e-05	7.66385e-06	-98967.710	-98919.303
848211	380020	1266	105693	5.07593e-05	8.38662e-06	-100823.748	-100756.151
881788	383514	1514	109359	5.02968e-05	7.20407e-06	-99457.023	-99401.529
724521	397856	1252	119672	4.70698e-05	1.10755e-05	-99802.476	-99736.867
821574	381425	1002	105988	5.05723e-05	1.05948e-05	-100930.370	-100892.706
537098	389291	1158	101943	4.80913e-05	9.07606e-06	-100853.093	-100823.689
795164	380020	1002	105682	5.07593e-05	1.14098e-05	-99813.428	-99765.555
717768	399670	1242	111072	4.82636e-05	1.01260e-05	-101214.061	-101173.601
823680	383820	1119	104636	5.02567e-05	9.48931e-06	-101948.304	-101894.747
941425	374725	1020	106948	5.14765e-05	1.02941e-05	-100655.455	-100584.547
662303	383958	1226	103122	5.02387e-05	8.59600e-06	-99787.590	-99755.772
772144	380276	1466	104636	5.07250e-05	7.24457e-06	-100339.398	-100245.588
964885	368433	1888	108973	5.08287e-05	6.12221e-06	-98386.618	-98338.276
818130	381124	1269	104636	5.06121e-05	8.37218e-06	-100757.092	-100696.118
716537	395918	1042	110909	4.87210e-05	1.04665e-05	-99511.771	-99445.866
808912	379482	934	106006	5.08312e-05	1.33249e-05	-101541.167	-101501.110
684761	379982	1170	103569	5.07644e-05	9.06984e-06	-98367.477	-98337.573
866817	376257	805	107139	5.12669e-05	1.32003e-05	-100065.950	-99997.125
685901	389109	1030	107823	4.95735e-05	1.08315e-05	-100755.996	-100706.568
850646	391413	1224	113495	4.92817e-05	8.70601e-06	-99559.554	-99513.344
826311	381679	801	105693	5.05386e-05	1.38685e-05	-101440.155	-101375.235
899466	382538	1204	109979	5.04102e-05	8.94094e-06	-99250.765	-99203.325
1006895	375726	1096	112303	4.98422e-05	9.73149e-06	-101467.393	-101414.634
570826	401158	1022	108805	4.80846e-05	1.16673e-05	-99549.186	-99491.502
886472	381683	1115	107465	5.05380e-05	1.06469e-05	-100733.406	-100686.629
1321850	366959	1108	115279	5.10330e-05	9.58944e-06	-99776.850	-99727.328
862991	372494	1312	107906	5.02746e-05	8.49545e-06	-100417.040	-100383.672
761335	381772	1325	108874	4.90528e-05	8.66870e-06	-100869.145	-100830.734
1529633	375407	1007	121160	5.13829e-05	1.04279e-05	-98692.560	-98643.611
860732	380020	1115	105693	5.07593e-05	9.52560e-06	-100979.032	-100927.185
864685	372457	903	104636	5.17899e-05	1.17561e-05	-101082.148	-100995.873
1058388	375659	1081	125074	4.66519e-05	1.01023e-05	-100931.633	-100871.325
552535	386379	1285	100070	4.99238e-05	8.58745e-06	-99395.519	-99337.501
989887	376425	963	108862	5.12440e-05	1.10299e-05	-101259.212	-101209.448
935517	383820	1264	108896	5.02567e-05	8.40511e-06	-101045.684	-101015.313
718583	388563	986	105775	4.96432e-05	1.06837e-05	-99948.597	-99882.087
730734	390213	993	109842	4.94333e-05	1.26170e-05	-99785.329	-99744.184
670743	380971	1385	109480	4.91271e-05	1.00679e-05	-100533.056	-100456.493
969314	392240	1134	115914	4.91633e-05	1.03850e-05	-100862.019	-100801.017
862958	382374	1035	114072	4.89612e-05	1.13738e-05	-100631.101	-100575.904
