Parameter	mean	lower_CI	upper_CI	lower_quantile_CI.2.5%	upper_quantile_CI.97.5%
NANC	38523.68	38304.7156912369	38742.6443087631	36380	40707.675
NPOP1	319117.65	318295.258859321	319940.041140679	310016.975	327194.975
NPOP2	122402.52	121986.28456585	122818.75543415	118618.625	126423.825
TDIV	44417.76	44259.3961765136	44576.1238234864	42734	45862.3
TPROP	0.128148833	0.127039952426748	0.129257713573252	0.1171545125	0.139241545
MIG12	0.000052689861	0.0000522501747592978	0.0000531295472407022	0.00004893274	0.000057386075
MIG21	0.000047310786	0.0000469768751216077	0.0000476446968783923	0.00004399871	0.0000502605775
ISO	5690.9	5642.80786448957	5738.99213551042	5210	6118.125
MaxEstLhood	-175780.21304	-175914.543570814	-175645.882509186	-176918.024325	-174388.25695
MaxObsLhood	-175717.23687	-175851.344818348	-175583.128921652	-176859.647675	-174323.73745
