Parameter	mean	lower_CI	upper_CI	lower_quantile_CI.2.5%	upper_quantile_CI.97.5%
NANC	38000.6	37411.8653670026	38589.3346329974	32167.25	43551.925
NPOP1	398086.6	397055.743552302	399117.456447698	387804.975	406710.05
NPOP2	25600.94	25329.9474937862	25871.9325062138	22944	28596.25
TDIV	60568.09	59629.5394452215	61506.6405547785	52534.45	70705.6
TPROP	0.025104107	0.0246097746191958	0.0255984393808042	0.0200946175	0.0294075075
MIG12	0.000044075573	0.0000435819839044519	0.0000445691620955481	0.000039295285	0.0000482395175
MIG21	0.000067301131	0.0000658824329541947	0.0000687198290458053	0.0000542352825	0.0000804744625
ISO	1514.35	1487.30312286914	1541.39687713086	1277.375	1765.65
MaxEstLhood	-139841.56883	-139962.94552028	-139720.19213972	-141195.066225	-138618.9666
MaxObsLhood	-139761.12773	-139882.22962309	-139640.02583691	-141114.075175	-138544.57615
