NANC	NPOP1	NPOP2	TDIV	TPROP	MIG12	MIG21	ISO	MaxEstLhood	MaxObsLhood
39078	399650	24152	58011	0.0246604	4.27308e-05	7.01176e-05	1431	-139210.722	-139139.221
37138	395558	25890	60609	0.0232856	4.31245e-05	6.15420e-05	1411	-138956.431	-138874.018
38920	398532	26555	60709	0.0272984	4.56355e-05	6.71961e-05	1657	-140188.909	-140100.814
34530	388670	28749	69358	0.0181678	4.50792e-05	4.85584e-05	1260	-139453.008	-139379.539
39186	396144	24561	56551	0.0251397	4.18718e-05	7.08504e-05	1422	-139210.501	-139127.286
40169	392383	27808	62047	0.0275891	4.73176e-05	5.51586e-05	1712	-139753.401	-139671.108
40998	399104	24396	55251	0.0265563	4.12466e-05	6.94164e-05	1467	-139446.513	-139372.898
39839	402284	25337	55804	0.0265563	4.09205e-05	6.81696e-05	1482	-140565.296	-140470.189
40458	397576	26140	58706	0.0245268	4.25228e-05	6.75093e-05	1440	-140554.842	-140471.133
38065	398345	24206	56930	0.0255424	4.36686e-05	7.89047e-05	1454	-139553.693	-139479.403
36278	397045	24665	61943	0.0263904	4.49534e-05	7.17609e-05	1635	-139680.181	-139595.474
40516	396222	28158	57946	0.0275809	4.36034e-05	5.64753e-05	1598	-139489.630	-139415.803
40097	393350	25118	56857	0.0275300	4.10780e-05	6.70639e-05	1565	-140436.116	-140346.659
38674	396987	24346	59960	0.0286656	4.81268e-05	8.19988e-05	1719	-139544.194	-139456.502
41898	391773	24889	56424	0.0265563	4.08578e-05	6.85182e-05	1498	-139463.227	-139389.972
33249	391994	24231	65469	0.0228462	4.60203e-05	7.32913e-05	1496	-139607.633	-139533.134
35251	388308	26442	67929	0.0200446	4.47178e-05	6.08541e-05	1362	-140301.087	-140215.438
35948	399816	26416	67645	0.0251212	4.64299e-05	6.59756e-05	1699	-141549.683	-141471.741
42434	402072	24827	56974	0.0251573	4.45776e-05	7.12842e-05	1433	-139659.295	-139582.405
35238	390965	26640	62736	0.0256245	4.45057e-05	6.17364e-05	1608	-139531.953	-139448.450
40425	398470	24970	58949	0.0293496	4.49697e-05	7.39469e-05	1730	-139897.859	-139810.601
36039	386874	27276	62780	0.0260448	4.54119e-05	6.49445e-05	1635	-139782.429	-139703.045
38721	405554	22906	56252	0.0245096	3.98244e-05	8.04154e-05	1379	-140374.794	-140300.056
39606	387816	26859	57841	0.0296847	4.23995e-05	6.38411e-05	1717	-139348.422	-139262.825
38576	398912	23062	55680	0.0250454	4.22937e-05	8.05279e-05	1395	-139043.615	-138964.392
37421	401338	25443	58799	0.0267399	4.47777e-05	7.05112e-05	1572	-139052.097	-138961.565
40338	395765	25659	56321	0.0250817	3.88447e-05	6.60007e-05	1413	-140164.975	-140077.430
43636	400662	24523	52007	0.0291717	4.10184e-05	7.50395e-05	1517	-139904.101	-139813.709
38281	405830	26742	66016	0.0226173	4.68604e-05	5.91571e-05	1493	-141473.020	-141390.083
38781	388107	24764	55426	0.0212760	3.74429e-05	6.14044e-05	1179	-139131.221	-139055.699
42326	393709	25129	51273	0.0272259	3.88202e-05	6.97862e-05	1396	-139523.686	-139453.731
33002	394476	28301	70000	0.0232940	4.72644e-05	5.89423e-05	1631	-140804.584	-140723.175
33875	400280	26838	67383	0.0246805	4.76446e-05	6.58348e-05	1663	-140634.150	-140566.269
38935	394630	24917	59166	0.0252009	4.35573e-05	6.74996e-05	1491	-139913.342	-139819.981
35829	393109	26271	62837	0.0214867	4.36180e-05	5.64773e-05	1350	-138617.114	-138546.379
39463	395691	22348	55760	0.0228652	3.98205e-05	7.66229e-05	1275	-139386.783	-139304.148
43459	403784	24808	55339	0.0238286	4.11591e-05	6.68303e-05	1319	-141030.558	-140944.360
39240	395913	25238	58132	0.0272584	4.49824e-05	6.95875e-05	1585	-139371.094	-139281.725
33122	392836	28703	70315	0.0260223	4.87682e-05	5.57482e-05	1830	-139252.517	-139175.291
36329	405296	25528	63214	0.0220912	4.62698e-05	6.45446e-05	1396	-139006.624	-138927.594
38631	396123	25170	56990	0.0291509	4.32372e-05	7.01692e-05	1661	-139856.295	-139777.916
37547	396989	24827	61503	0.0237141	4.37290e-05	7.10148e-05	1458	-140344.909	-140272.733
37740	407407	26540	55251	0.0276127	4.06581e-05	6.43183e-05	1526	-139165.954	-139081.838
35940	392506	24917	61327	0.0212849	4.17034e-05	6.70832e-05	1305	-139598.772	-139530.657
39439	387795	24152	57803	0.0256100	4.24494e-05	7.22358e-05	1480	-139654.624	-139563.706
41112	405669	26317	60376	0.0297701	4.67002e-05	6.81948e-05	1797	-140414.176	-140332.998
33618	398881	25749	68307	0.0235942	4.75437e-05	6.76511e-05	1612	-140353.651	-140275.796
40587	409435	24306	57985	0.0270223	4.52437e-05	7.71181e-05	1567	-140225.701	-140153.096
38638	402546	25179	56004	0.0292499	4.32499e-05	7.59426e-05	1638	-140314.769	-140248.539
37309	396351	26602	59409	0.0246173	4.48654e-05	6.14763e-05	1462	-138689.533	-138602.457
38338	385866	27222	61809	0.0250245	4.38536e-05	6.19148e-05	1547	-139760.615	-139672.942
31412	395789	28486	71538	0.0219397	4.70642e-05	5.14538e-05	1570	-138481.433	-138407.092
40034	405127	23419	55371	0.0231167	3.99849e-05	7.02903e-05	1280	-139977.628	-139896.867
33467	396817	24546	69240	0.0211221	4.74891e-05	6.87424e-05	1462	-139685.469	-139616.643
41536	393730	27209	55240	0.0271837	4.10133e-05	6.13486e-05	1502	-139835.751	-139755.996
34860	393149	26989	69166	0.0231140	4.88401e-05	6.11982e-05	1599	-139565.908	-139490.633
34746	399703	25350	64473	0.0237423	4.65616e-05	6.95061e-05	1531	-139533.759	-139437.035
37122	406060	23521	59858	0.0234106	4.30046e-05	7.46601e-05	1401	-140185.651	-140098.820
36246	398191	26923	66689	0.0226891	4.50371e-05	6.00197e-05	1513	-140676.466	-140579.425
38683	403708	25206	58804	0.0252688	4.16807e-05	5.88585e-05	1486	-139813.357	-139731.597
44503	401172	27579	55497	0.0259905	4.31215e-05	5.75774e-05	1442	-139665.672	-139595.905
40108	391773	26947	56043	0.0268580	4.16526e-05	6.04054e-05	1505	-138620.319	-138542.945
39528	406806	25792	55086	0.0233068	4.08779e-05	6.37056e-05	1284	-139883.783	-139806.701
39167	401571	25665	59315	0.0288233	4.36874e-05	6.83446e-05	1710	-139784.255	-139721.864
38807	401229	25177	58923	0.0243534	4.30394e-05	6.47402e-05	1435	-140095.315	-140009.836
36768	403835	26416	61604	0.0292850	4.64148e-05	7.54959e-05	1804	-140654.474	-140578.573
36975	404283	24790	61140	0.0240184	4.44327e-05	6.89140e-05	1468	-140067.450	-139971.095
39781	404252	25804	60642	0.0271313	4.61229e-05	7.06501e-05	1645	-140231.727	-140154.861
41903	403012	24017	54698	0.0251199	4.19951e-05	7.28769e-05	1374	-140209.719	-140135.873
35232	404571	23828	63551	0.0256362	4.76417e-05	7.98579e-05	1629	-139524.327	-139443.640
27832	392583	25868	73464	0.0201499	4.83415e-05	6.79873e-05	1480	-139817.255	-139738.602
41904	390542	28696	58005	0.0241942	4.17897e-05	5.33999e-05	1403	-140513.350	-140429.546
40215	401893	25502	60128	0.0253510	4.49075e-05	6.41404e-05	1524	-139998.536	-139926.513
40604	389682	26786	60553	0.0235302	4.39246e-05	6.04082e-05	1425	-140200.645	-140114.604
43263	396041	26523	52987	0.0271278	4.04612e-05	6.51984e-05	1437	-140619.673	-140526.926
44309	402014	25015	52125	0.0246909	3.97933e-05	6.82719e-05	1287	-140211.253	-140145.587
39082	400933	25965	59142	0.0265563	4.39361e-05	6.46767e-05	1571	-138617.743	-138538.932
36185	403137	24217	59976	0.0264725	4.47416e-05	7.48251e-05	1588	-139495.637	-139412.579
39208	400219	24560	60236	0.0260383	4.47751e-05	7.08335e-05	1568	-141006.575	-140909.698
34028	394810	26965	67708	0.0233392	4.74930e-05	5.87922e-05	1580	-139533.281	-139443.250
36195	402899	25499	62897	0.0227344	4.55296e-05	7.12973e-05	1430	-140154.597	-140078.971
36572	393615	25083	62986	0.0203773	4.39364e-05	6.39728e-05	1283	-139103.687	-139032.128
39503	400893	24370	56912	0.0267897	4.46998e-05	7.25798e-05	1525	-139377.865	-139301.795
36413	393793	27106	64261	0.0205869	4.47021e-05	5.55750e-05	1323	-139094.756	-139023.452
40677	396279	25730	55561	0.0245438	4.08786e-05	6.30492e-05	1364	-139940.686	-139849.070
39555	395818	26885	61305	0.0267974	4.58703e-05	6.29815e-05	1643	-139703.108	-139624.740
38895	398226	25814	58907	0.0229547	4.15732e-05	5.97664e-05	1352	-139598.324	-139518.426
36190	398437	25485	61181	0.0260603	4.49096e-05	7.06277e-05	1594	-139996.459	-139922.362
36001	399065	22986	62389	0.0209592	4.27741e-05	7.64868e-05	1308	-140059.093	-139981.445
33369	400622	25015	69102	0.0221022	4.73155e-05	6.95844e-05	1527	-139609.790	-139528.866
30395	403865	24028	71059	0.0199584	4.66649e-05	6.89065e-05	1418	-139692.933	-139627.526
40196	399523	26776	59039	0.0282732	4.36511e-05	6.84530e-05	1669	-141343.907	-141267.627
37693	401135	26033	58405	0.0270935	4.41805e-05	6.89246e-05	1582	-138874.807	-138793.994
36478	396508	24522	61864	0.0254847	4.50178e-05	7.14649e-05	1577	-140212.953	-140133.069
34535	406604	24507	62520	0.0274583	4.72622e-05	7.68209e-05	1717	-139453.996	-139367.090
37367	402057	24667	60406	0.0267302	4.53480e-05	7.64554e-05	1615	-140051.311	-139961.283
34988	398222	27096	66827	0.0258026	4.76795e-05	6.02984e-05	1724	-139651.989	-139574.753
37367	402261	26589	61531	0.0240005	4.56683e-05	6.28451e-05	1477	-140612.067	-140526.576
37273	392894	26753	62467	0.0277183	4.54964e-05	6.78509e-05	1731	-140630.742	-140537.541
38623	403914	22597	57875	0.0294599	4.66042e-05	9.38300e-05	1705	-140239.103	-140164.498
