Parameter	mean	lower_CI	upper_CI	lower_quantile_CI.2.5%	upper_quantile_CI.97.5%
NANC	41032.41	40767.3597541946	41297.4602458054	38318.7	43301.65
NPOP1	310010.35	309053.454950899	310967.245049101	300699.525	318419.975
NPOP2	123214.21	122735.92154096	123692.49845904	118309.85	127663.525
TDIV	46411.43	46213.7119811504	46609.1480188496	44663.85	48515.75
TPROP	0.134811677	0.133417800339737	0.136205553660263	0.121500745	0.1495806625
MIG12	0.000057245481	0.000056774377734613	0.000057716584265387	0.0000531026675	0.00006242024
MIG21	0.000040123867	0.000039767881995454	0.000040479852004546	0.000037002805	0.0000438449025
ISO	6254.82	6191.80548294246	6317.83451705754	5738.075	7028.375
MaxEstLhood	-162533.34084	-162679.862788939	-162386.818891061	-163914.02275	-161231.2394
MaxObsLhood	-162466.822	-162613.207602923	-162320.436397077	-163852.450825	-161163.537525
