NANC	NPOP1	NPOP2	TDIV	TPROP	MIG12	MIG21	ISO	MaxEstLhood	MaxObsLhood
40574	305786	130841	45618	0.1367200	5.67892e-05	3.85070e-05	6237	-163301.392	-163234.260
41025	310646	125358	45959	0.1400414	5.57398e-05	3.98827e-05	6436	-163011.233	-162951.769
39802	317693	121399	46347	0.1287720	5.81346e-05	4.11662e-05	5968	-162756.489	-162698.084
40756	306918	123567	46039	0.1251372	6.06681e-05	4.08141e-05	5761	-161661.000	-161600.732
39627	303256	125935	47309	0.1523093	5.46237e-05	3.59962e-05	7206	-161972.813	-161903.719
40291	310730	118872	47800	0.1278898	5.71189e-05	4.26604e-05	6113	-163441.176	-163379.500
38711	307859	119983	46808	0.1295830	5.50463e-05	4.35867e-05	6065	-161651.428	-161585.497
42735	311966	124257	46519	0.1361910	5.72926e-05	3.94643e-05	6336	-163420.751	-163350.942
38086	308762	124379	47338	0.1384985	5.65694e-05	3.88532e-05	6556	-162185.183	-162126.229
41478	315524	121419	44965	0.1320231	6.01951e-05	4.13028e-05	5936	-161157.380	-161086.773
42723	307537	121071	46153	0.1241471	5.82134e-05	4.36191e-05	5730	-162870.043	-162802.273
40419	300224	122966	47339	0.1387328	5.68273e-05	3.76351e-05	6567	-162031.964	-161978.176
41837	305401	122032	48637	0.1225595	5.94852e-05	4.05372e-05	5961	-164180.490	-164115.552
40717	305270	126004	46122	0.1401421	5.74528e-05	3.69003e-05	6464	-162061.983	-161993.987
39773	305061	124077	48395	0.1244301	6.34929e-05	3.93708e-05	6022	-162689.666	-162613.061
41559	309309	121540	45377	0.1385242	5.40838e-05	4.29052e-05	6286	-161848.972	-161785.147
41686	315607	126487	45272	0.1295775	6.11321e-05	3.92399e-05	5866	-161668.911	-161595.764
41917	315795	123108	46021	0.1376629	5.31632e-05	4.28535e-05	6335	-163543.656	-163471.644
41974	304127	121301	45895	0.1463325	5.55511e-05	3.82184e-05	6716	-161356.467	-161285.537
40490	308476	122738	45608	0.1339981	5.91021e-05	4.10751e-05	6111	-160817.268	-160749.463
41396	317082	123277	45567	0.1404124	5.47660e-05	4.10767e-05	6398	-162563.093	-162497.684
39925	305197	125056	47823	0.1419953	5.57791e-05	3.71161e-05	6791	-163569.017	-163508.760
43390	318771	119617	45183	0.1350129	5.39121e-05	4.29186e-05	6100	-162813.169	-162739.820
41478	307771	121273	46417	0.1283741	5.75071e-05	4.35756e-05	5959	-162711.421	-162633.426
38237	299486	120741	48348	0.1235866	5.78418e-05	4.14268e-05	5975	-162356.205	-162289.181
40281	310795	125532	46002	0.1322594	5.93966e-05	4.00374e-05	6084	-162726.601	-162669.540
40848	312255	121749	46092	0.1346965	5.90607e-05	4.02542e-05	6208	-162813.292	-162752.713
41577	308374	123453	45947	0.1321772	5.79432e-05	4.10181e-05	6073	-163571.733	-163497.608
40023	317760	123652	45848	0.1341224	5.61603e-05	4.40492e-05	6149	-162004.974	-161936.217
39451	313361	117528	46889	0.1295737	5.80181e-05	4.22316e-05	6076	-161437.279	-161372.444
43125	307042	124528	45450	0.1271735	5.98967e-05	4.09174e-05	5780	-162921.789	-162855.901
40084	305738	123668	46640	0.1465648	5.36411e-05	3.89734e-05	6836	-162578.767	-162510.249
40964	304425	127516	47576	0.1226290	6.28181e-05	3.95782e-05	5834	-164529.287	-164459.598
39923	317458	122755	46484	0.1385476	5.63013e-05	3.89465e-05	6440	-163066.789	-162997.138
42889	308987	119634	46400	0.1325379	5.82609e-05	4.18200e-05	6150	-162587.181	-162523.854
40710	307869	124145	46197	0.1295258	5.63083e-05	4.03183e-05	5984	-162799.099	-162729.732
41934	317231	122454	46183	0.1294955	5.75389e-05	4.11657e-05	5980	-163647.491	-163585.626
44340	305448	125173	44339	0.1373866	5.99064e-05	4.10582e-05	6092	-162363.821	-162289.315
40919	311006	124131	47051	0.1446054	5.44766e-05	4.04628e-05	6804	-163564.373	-163496.126
41560	315065	121916	45983	0.1319964	5.83885e-05	4.08734e-05	6070	-162697.547	-162630.102
41265	309771	126152	46231	0.1405988	5.70186e-05	3.74165e-05	6500	-162421.684	-162347.606
40489	316168	118607	46466	0.1414325	5.54181e-05	4.13446e-05	6572	-162558.090	-162474.938
39503	308553	122719	46254	0.1367764	5.79996e-05	4.02762e-05	6326	-161387.124	-161333.641
39494	308048	125910	46001	0.1351582	5.87641e-05	3.89233e-05	6217	-161563.570	-161498.576
42863	315966	119284	45891	0.1358290	5.58636e-05	4.33720e-05	6233	-162378.864	-162306.858
42102	304640	124991	46163	0.1530150	5.26958e-05	3.71801e-05	7064	-162746.711	-162672.332
41046	309841	123489	46110	0.1207644	6.19805e-05	4.12831e-05	5568	-163305.012	-163238.288
40517	308702	123815	47042	0.1391864	5.54903e-05	3.99068e-05	6548	-163043.533	-162977.864
38409	308251	124273	48030	0.1325290	5.78034e-05	3.85885e-05	6365	-162095.889	-162032.832
41308	314671	123500	44787	0.1323484	5.84445e-05	4.12397e-05	5927	-161288.855	-161218.683
41944	311326	120630	46268	0.1390423	5.45835e-05	3.94994e-05	6433	-162980.485	-162910.147
40224	308364	119848	46984	0.1286956	5.79284e-05	4.22019e-05	6047	-161550.071	-161481.874
43204	314008	123093	45268	0.1366130	5.96289e-05	4.03838e-05	6184	-163141.494	-163070.852
42261	317053	124307	46615	0.1373968	5.47710e-05	4.00874e-05	6405	-163849.642	-163775.815
38543	300624	124864	48071	0.1309138	5.64508e-05	4.08080e-05	6293	-162158.746	-162099.304
38764	312009	119044	48066	0.1454080	5.54903e-05	3.72792e-05	6989	-161668.724	-161612.343
42122	308393	123363	46044	0.1347744	5.79563e-05	4.08664e-05	6206	-162789.284	-162710.789
41007	305103	122905	46511	0.1235725	6.32446e-05	3.97076e-05	5747	-161179.111	-161113.644
40207	309647	122905	45926	0.1401512	5.53779e-05	3.98984e-05	6437	-162210.826	-162143.313
41417	304444	126174	46359	0.1322063	6.05759e-05	3.90447e-05	6129	-162526.023	-162455.674
39601	304568	122353	48240	0.1304964	5.55049e-05	4.04713e-05	6295	-162499.022	-162434.818
39563	310700	123797	48625	0.1240617	6.07133e-05	3.92939e-05	6033	-163972.272	-163921.788
43504	310691	125185	44940	0.1398973	5.72169e-05	3.80666e-05	6287	-162240.260	-162182.512
39864	309727	118910	47589	0.1390661	5.12704e-05	4.01414e-05	6618	-162553.637	-162490.579
40163	306446	125426	46675	0.1412202	5.65299e-05	3.79743e-05	6591	-162599.666	-162525.385
38180	306848	119697	49182	0.1189225	5.96572e-05	4.16020e-05	5849	-163265.751	-163199.458
42737	311070	125663	45756	0.1333598	5.74740e-05	4.04532e-05	6102	-162678.217	-162599.489
42609	304039	123828	47205	0.1365958	5.74976e-05	3.89271e-05	6448	-163135.755	-163087.869
41820	306872	124756	45385	0.1346695	5.82435e-05	3.99430e-05	6112	-161629.428	-161574.860
41284	304402	125540	46689	0.1367517	5.83330e-05	3.88775e-05	6385	-163266.106	-163211.814
41378	307053	123715	46676	0.1343441	5.49322e-05	3.97525e-05	6271	-162098.551	-162042.605
42622	312315	124905	45777	0.1181492	6.16394e-05	4.25975e-05	5409	-163325.127	-163262.069
40438	306947	125509	46301	0.1346234	6.05279e-05	3.78554e-05	6233	-161607.021	-161539.134
43015	311367	124353	44730	0.1443340	5.67011e-05	3.89945e-05	6456	-161984.737	-161914.698
40165	324123	118041	45733	0.1278450	5.61456e-05	4.53938e-05	5847	-162071.835	-162009.892
41380	311191	122441	47670	0.1414514	5.42227e-05	3.98872e-05	6743	-163533.035	-163474.167
41273	310676	123439	46667	0.1369305	5.61731e-05	3.97864e-05	6390	-163219.905	-163152.107
42789	305507	122939	45645	0.1320231	5.54753e-05	4.05268e-05	6026	-162657.858	-162589.994
40400	314184	122875	46255	0.1355025	5.60138e-05	4.10080e-05	6268	-162358.052	-162288.807
38529	300783	125696	47250	0.1285264	6.05251e-05	3.97171e-05	6073	-162500.884	-162431.799
41004	314511	126054	46815	0.1319505	5.90179e-05	3.95315e-05	6177	-163082.898	-163014.137
41309	318032	121036	46575	0.1343396	5.73879e-05	3.92529e-05	6257	-161821.052	-161753.230
40866	321130	119683	45994	0.1373968	5.56415e-05	4.01664e-05	6319	-162580.366	-162512.333
43116	309572	126881	44804	0.1457595	5.44060e-05	3.87856e-05	6531	-162804.965	-162736.291
42738	308302	128500	44604	0.1390393	5.79734e-05	3.87790e-05	6202	-161880.825	-161804.461
42352	314715	123878	44391	0.1446752	5.81648e-05	3.83985e-05	6422	-161598.551	-161521.124
42607	315936	122658	46010	0.1378331	5.50675e-05	4.07935e-05	6342	-163841.229	-163760.504
41923	315580	117672	45028	0.1327446	5.58755e-05	4.47016e-05	5977	-161302.851	-161249.144
39546	303645	120853	47381	0.1320231	5.58653e-05	4.06937e-05	6255	-162437.679	-162379.025
40447	313372	123905	46915	0.1353881	5.73796e-05	3.79744e-05	6352	-162539.776	-162466.831
40806	307290	122571	46277	0.1347235	5.49053e-05	4.02589e-05	6235	-161976.003	-161920.322
42952	316751	122400	45593	0.1408677	5.51411e-05	3.83797e-05	6423	-163208.570	-163134.219
41893	316033	123315	45935	0.1405374	5.64724e-05	3.84104e-05	6456	-162264.035	-162191.359
40020	306206	125448	46074	0.1549741	5.30479e-05	3.64638e-05	7140	-162043.522	-161977.166
40053	316120	121310	46682	0.1328578	5.62018e-05	4.02114e-05	6202	-162761.864	-162690.925
39885	306806	123907	47798	0.1332804	5.94833e-05	3.82304e-05	6371	-162218.662	-162158.769
42732	308398	124190	44842	0.1409735	5.50220e-05	3.82233e-05	6322	-161637.043	-161567.621
39725	310623	122946	46209	0.1277761	6.01298e-05	4.18527e-05	5904	-161870.997	-161815.895
41496	307561	127797	47601	0.1223146	6.11829e-05	3.94348e-05	5822	-163576.362	-163498.025
40534	308293	122344	47598	0.1405851	5.52958e-05	3.88607e-05	6692	-162894.784	-162838.459
