NANC	NPOP1	NPOP2	TDIV	TPROP	MIG12	MIG21	ISO	MaxEstLhood	MaxObsLhood
46021	24210	207350	37016	2.53370e-04	6.70652e-05	2.50994e-05	9	-84825.747	-84770.459
47480	21391	205962	35157	0.0055936	8.00200e-05	2.75565e-05	197	-83213.747	-83161.122
44358	24313	203941	40801	0.0020595	6.05694e-05	3.16655e-05	84	-83986.604	-83928.796
44156	20849	208705	38358	7.99326e-04	7.72809e-05	2.43677e-05	31	-84013.133	-83961.162
44279	25479	201668	38267	0.0038465	5.83753e-05	2.80566e-05	147	-83530.664	-83480.810
47227	19905	213713	34589	0.0010675	7.91209e-05	2.43575e-05	37	-83411.502	-83356.468
45289	21726	204258	40611	9.14542e-04	6.77344e-05	2.93464e-05	37	-83886.821	-83832.119
46076	24578	212629	37556	6.70407e-04	6.09905e-05	2.93970e-05	25	-84250.884	-84192.116
47458	25016	212831	34966	3.46312e-04	5.60668e-05	2.90071e-05	12	-82904.219	-82845.722
47287	23154	213709	37414	4.18659e-04	6.39166e-05	2.88548e-05	16	-84380.600	-84333.491
44774	23489	198633	42478	7.27247e-04	6.14028e-05	3.10713e-05	31	-84512.785	-84462.167
47976	27525	210109	35509	0.0038613	5.29881e-05	3.03305e-05	137	-83602.064	-83556.198
48034	22611	210611	34940	0.0067150	7.20341e-05	2.75247e-05	235	-84133.033	-84077.729
44263	21174	209440	37884	0.0011324	7.75296e-05	2.48259e-05	43	-83987.657	-83927.174
43418	20023	212860	37591	0.0015451	7.78210e-05	2.74841e-05	58	-82592.085	-82532.352
48838	21613	220568	32935	0.0102614	7.83662e-05	2.71498e-05	338	-83643.172	-83592.156
47938	19262	207196	35372	5.53421e-04	8.27470e-05	2.29844e-05	20	-83714.106	-83660.656
46036	23427	208428	35580	5.51479e-04	6.53531e-05	2.74984e-05	20	-83202.065	-83145.602
45561	24332	203056	38161	0.0043698	6.58618e-05	3.15119e-05	167	-83964.582	-83904.308
45628	24120	204502	38654	0.0024274	6.00460e-05	3.14829e-05	94	-83700.050	-83634.600
47636	23747	209295	37627	0.0014348	5.95670e-05	2.97680e-05	54	-83853.338	-83797.718
43143	23256	207420	39035	0.0014725	6.35457e-05	2.74340e-05	57	-83896.820	-83834.519
45548	20987	205405	38363	8.50833e-04	7.43770e-05	2.68568e-05	33	-83507.212	-83448.294
44955	21813	200875	38850	0.0023225	7.37712e-05	2.84976e-05	90	-84191.389	-84139.424
45787	26048	201493	38255	0.0022097	5.83561e-05	3.10035e-05	85	-83087.437	-83035.566
48095	21659	215172	33785	0.0023225	7.16657e-05	2.66041e-05	78	-84516.085	-84440.244
47965	22016	209889	34680	0.0013631	7.27785e-05	2.37236e-05	47	-84069.017	-84013.833
45464	24215	207067	40535	0.0028589	6.36265e-05	3.09465e-05	116	-84144.759	-84087.397
47085	20280	209739	35993	3.87223e-04	7.86132e-05	2.35580e-05	14	-84162.375	-84103.268
45131	22026	205820	39256	6.00743e-04	6.94157e-05	2.68427e-05	24	-84072.389	-84018.884
45983	21239	211170	36261	0.0013700	7.27459e-05	2.60951e-05	50	-84136.385	-84078.212
45715	26732	202643	39305	6.88844e-04	5.32636e-05	3.17433e-05	27	-84443.525	-84394.277
46155	22174	212497	37331	0.0045671	7.39261e-05	2.62381e-05	170	-84296.589	-84239.812
43911	21037	217565	40024	0.0039398	7.50316e-05	3.15688e-05	158	-83434.855	-83387.751
45637	21375	210766	36890	0.0033525	7.51827e-05	2.83086e-05	124	-83358.779	-83300.328
46054	22677	203253	36885	0.0021290	6.95539e-05	2.73873e-05	79	-83954.273	-83897.719
46475	23672	210359	36377	0.0018548	6.49580e-05	2.70538e-05	67	-83595.425	-83547.911
45560	22581	211554	38329	0.0039375	6.85084e-05	2.87009e-05	151	-84018.557	-83961.950
47859	23750	215853	35841	0.0012375	6.44589e-05	2.75366e-05	44	-84388.581	-84334.841
44929	21724	208208	37067	7.73398e-04	7.18848e-05	2.63417e-05	29	-83125.353	-83067.175
46803	21962	211115	33454	4.25945e-04	7.38257e-05	2.72569e-05	14	-83376.092	-83317.154
43704	24610	207679	39335	0.0027180	5.96658e-05	2.95620e-05	107	-83106.068	-83043.899
45232	21537	211405	38705	9.42764e-04	7.20617e-05	2.61781e-05	36	-84015.196	-83955.745
44996	22370	217000	37889	0.0013471	6.99400e-05	2.88268e-05	51	-84258.965	-84204.041
45829	22964	211919	35856	1.85784e-04	6.60425e-05	2.55451e-05	7	-83711.652	-83654.995
46530	22017	205151	39261	2.83006e-04	6.70696e-05	3.14133e-05	11	-83687.377	-83640.552
49034	22823	218021	33289	0.0021370	6.77087e-05	2.51860e-05	71	-84515.390	-84470.775
46194	23665	211748	37672	0.0050856	6.66842e-05	2.79838e-05	192	-83489.032	-83441.415
46918	19659	216416	36098	0.0047840	8.99434e-05	2.56461e-05	173	-84396.874	-84346.636
48583	21797	205587	36538	0.0023225	7.12131e-05	2.78444e-05	85	-83797.785	-83740.321
45859	23868	206599	40458	0.0015460	6.15639e-05	3.04224e-05	63	-84412.686	-84358.024
44554	19773	210532	36115	0.0025666	8.77875e-05	2.52419e-05	93	-83377.538	-83323.743
42277	23310	205764	39391	0.0074467	7.02929e-05	3.26183e-05	293	-83131.916	-83069.860
44914	24901	211509	38429	0.0017698	6.05512e-05	2.82827e-05	68	-84344.118	-84283.351
43888	21430	208636	37728	0.0023138	7.72506e-05	2.70204e-05	87	-83391.287	-83336.572
44159	25116	208593	37502	8.58158e-04	5.65871e-05	2.86180e-05	32	-82778.124	-82719.657
47382	22805	215469	34418	4.58688e-04	6.48928e-05	2.63854e-05	16	-83359.561	-83293.713
46536	22397	207643	37694	0.0026912	7.40736e-05	2.73619e-05	101	-83946.697	-83891.257
45256	24321	204908	38105	0.0010723	6.32134e-05	2.97265e-05	41	-83733.139	-83684.847
43522	25443	205376	40094	0.0018753	5.60915e-05	3.21334e-05	75	-83149.352	-83095.030
49617	22996	215173	34308	4.44816e-04	6.70388e-05	2.61934e-05	15	-84204.295	-84151.151
46280	24389	214672	36041	0.0013623	6.85641e-05	2.95360e-05	49	-84071.329	-84016.838
45345	19482	210790	37125	0.0019916	8.49611e-05	2.34705e-05	74	-83787.730	-83730.509
45285	22499	214665	35390	0.0022525	7.09156e-05	2.59810e-05	80	-83456.104	-83403.487
45611	21212	209588	37736	0.0012902	7.59122e-05	2.74363e-05	49	-84212.939	-84154.106
43623	23870	204369	37810	0.0010845	6.44109e-05	2.90970e-05	41	-82414.295	-82355.602
48407	21130	208637	35019	7.57587e-04	7.35065e-05	2.45175e-05	27	-83918.267	-83860.742
42959	22104	198779	40752	0.0013237	7.43520e-05	2.57693e-05	54	-83674.148	-83618.294
47864	21145	215677	33789	0.0018929	7.82033e-05	2.61214e-05	64	-83845.348	-83792.097
45206	20459	204813	39478	0.0066401	8.55682e-05	2.83910e-05	262	-83997.353	-83953.755
44538	22604	208268	39581	0.0013946	6.42999e-05	2.96444e-05	55	-83513.698	-83451.797
45732	21180	205157	36685	2.82087e-04	7.06754e-05	2.71768e-05	10	-83190.816	-83137.726
45653	23594	199841	38629	0.0035689	6.57877e-05	2.77704e-05	138	-83366.326	-83308.360
43677	21270	206033	39847	0.0022506	7.28553e-05	2.69631e-05	90	-83988.771	-83921.270
47920	23780	211275	36453	0.0012301	6.25563e-05	2.96445e-05	45	-83403.852	-83352.542
45187	25958	203511	38384	4.88062e-04	5.70725e-05	2.99133e-05	19	-84208.126	-84145.611
46800	25069	205587	37299	0.0023225	6.19181e-05	2.78444e-05	87	-84069.702	-84000.134
47248	27234	210746	37548	3.10973e-04	5.42348e-05	3.04484e-05	12	-84799.514	-84733.928
46357	22890	204880	38354	0.0013467	6.18977e-05	2.71836e-05	52	-83601.727	-83546.995
46656	23649	210642	37901	0.0030783	6.68710e-05	2.99629e-05	117	-83853.386	-83804.077
48369	20732	207291	35370	0.0079702	8.43969e-05	2.69556e-05	282	-84139.967	-84080.805
48953	21395	210072	35558	0.0054266	7.70858e-05	2.87837e-05	193	-84175.844	-84119.110
45538	25607	201768	37672	4.55712e-04	5.72059e-05	3.21486e-05	17	-83562.333	-83502.217
45998	21223	210699	37465	3.11276e-04	7.08273e-05	3.02205e-05	12	-83549.908	-83497.768
44312	20580	216266	37498	0.0053583	7.84019e-05	2.97215e-05	201	-83132.905	-83084.228
47689	21698	217759	34176	0.0025280	7.31158e-05	2.57172e-05	86	-83080.542	-83023.489
45490	22709	196236	37702	2.12494e-04	6.83197e-05	2.69947e-05	8	-83028.571	-82974.600
44910	23760	209852	38198	3.64597e-04	6.23184e-05	2.67527e-05	14	-83512.883	-83460.745
46964	23319	207227	37299	6.98572e-04	6.65643e-05	2.76240e-05	26	-84382.962	-84322.921
47764	21892	212402	35942	9.10879e-04	7.55881e-05	2.29138e-05	33	-84847.581	-84786.068
44585	22565	202938	38949	0.0021101	6.64216e-05	2.69867e-05	82	-83643.590	-83585.597
47932	21840	209601	35560	4.98524e-04	7.03191e-05	2.60951e-05	18	-83250.180	-83193.898
43247	22078	207705	40469	0.0036120	7.01341e-05	2.78077e-05	146	-83448.475	-83385.845
48493	22671	207261	35568	6.14517e-04	6.94391e-05	2.47893e-05	22	-84136.424	-84077.775
42429	21396	201339	40948	0.0012505	6.90122e-05	2.58105e-05	51	-83288.918	-83242.814
45804	22787	207027	35803	9.22269e-04	6.85600e-05	2.95474e-05	33	-82953.082	-82898.228
46247	21552	211460	37293	8.59229e-04	7.27963e-05	2.74324e-05	32	-84175.454	-84120.325
45591	24037	207277	41629	0.0051538	6.15447e-05	3.69747e-05	215	-83244.887	-83195.786
46740	23051	213251	37396	0.0025370	6.40574e-05	3.00677e-05	95	-83758.032	-83700.738
44821	22063	215145	38013	5.94429e-04	7.06626e-05	2.83701e-05	23	-84031.406	-83973.912
