Parameter	mean	lower_CI	upper_CI	lower_quantile_CI.2.5%	upper_quantile_CI.97.5%
NANC	37561.69	37045.8480823682	38077.5319176318	31253.425	42218.8
NPOP1	32643.1	32247.4434435909	33038.7565564091	28261.725	36738.85
NPOP2	357145.91	356194.39555044	358097.42444956	346831.675	365198.85
TDIV	65741.43	64809.4276934333	66673.4323065667	59450.1	76303.525
TPROP	0.022999958	0.0223162279422706	0.0236836880577294	0.0168030725	0.029284495
MIG12	0.000035291088	0.0000344052426083059	0.0000361769333916941	0.0000273975225	0.0000450157
MIG21	0.000030532795	0.000030094859706161	0.000030970730293839	0.000026722525	0.0000358757225
ISO	1508.54	1463.17607035005	1553.90392964995	1094.95	1979.775
MaxEstLhood	-127863.05446	-127992.847217095	-127733.261702905	-128988.986475	-126634.38595
MaxObsLhood	-127786.2475	-127915.877577423	-127656.617422577	-128904.95955	-126564.40165
