Parameter	mean	lower_CI	upper_CI	lower_quantile_CI.2.5%	upper_quantile_CI.97.5%
NANC	41016.17	40648.2798454793	41384.0601545207	36851.025	44154.1
NPOP1	29395.66	29028.59721542	29762.72278458	26049.825	32934.775
NPOP2	205162.59	204296.669524304	206028.510475696	197254.175	213114.7
TDIV	40627.04	40085.5461228233	41168.5338771767	37118.675	47775.025
TPROP	0.00849346299	0.00784854621470025	0.00913837976529975	0.000997181175	0.0151588825
MIG12	0.000057479435	0.0000560981614897387	0.0000588607085102613	0.000044360315	0.0000714026475
MIG21	0.000041158735	0.0000405571525372145	0.0000417603174627855	0.00003597505	0.0000470306775
ISO	344.51	318.600310727715	370.419689272285	40.5	592.074999999999
MaxEstLhood	-85409.46377	-85516.9323519462	-85301.9951880538	-86587.60615	-84424.366075
MaxObsLhood	-85346.73745	-85454.258351036	-85239.216548964	-86523.524275	-84360.581975
