NANC	NPOP1	NPOP2	TDIV	TPROP	MIG12	MIG21	ISO	MaxEstLhood	MaxObsLhood
40418	28432	199959	37315	0.0026150	6.02961e-05	3.18469e-05	98	-84576.443	-84507.812
41017	27624	212806	39226	0.0040880	5.96339e-05	3.85688e-05	160	-85436.160	-85371.582
43213	29394	212200	40442	0.0066909	5.57562e-05	4.32681e-05	271	-86145.227	-86081.029
39841	27793	203047	42319	0.0092146	5.94631e-05	3.97078e-05	390	-85129.877	-85070.381
40766	29724	202233	39576	0.0028658	5.01808e-05	3.87674e-05	113	-84127.189	-84065.420
40608	28585	203512	40928	0.0051537	5.42339e-05	4.13338e-05	211	-84753.126	-84703.073
42454	31704	206581	37536	0.0085271	5.27782e-05	4.12025e-05	320	-85623.677	-85565.190
39852	26148	205104	43005	0.0086249	6.95688e-05	3.86227e-05	371	-85721.211	-85660.840
38210	26461	197765	46735	0.0093525	6.77456e-05	4.20886e-05	437	-85823.232	-85751.305
45623	30004	216188	34736	0.0084268	5.36167e-05	3.85788e-05	293	-85593.879	-85518.674
44133	31057	206955	39072	0.0143079	5.49919e-05	4.11539e-05	559	-86690.779	-86625.056
36747	26409	202676	45212	0.0114192	7.21683e-05	4.45142e-05	516	-84947.157	-84879.064
41905	28181	202511	39772	0.0042719	5.86678e-05	3.95826e-05	170	-85203.291	-85136.902
41198	27494	202511	39310	0.0078604	6.14904e-05	3.79843e-05	309	-84988.328	-84925.328
36966	28355	204815	50230	0.0088871	5.73423e-05	4.69238e-05	446	-85933.717	-85866.716
41419	29685	198330	37399	6.45019e-04	5.37197e-05	3.45569e-05	24	-84439.390	-84378.590
38095	28986	202511	42997	0.0086872	5.91909e-05	4.12737e-05	374	-85254.584	-85192.453
39639	29130	200292	40385	0.0084418	5.95096e-05	4.15674e-05	341	-84910.905	-84848.507
40152	29262	200486	39707	0.0084418	5.83190e-05	3.91669e-05	335	-85217.542	-85143.289
41842	28861	206317	40100	0.0105232	5.98840e-05	4.14364e-05	422	-86053.488	-85991.839
40152	30057	202511	41758	0.0072363	5.48862e-05	4.31875e-05	302	-85704.229	-85629.239
40116	25708	207726	39720	0.0086678	7.34140e-05	3.86865e-05	344	-84813.474	-84749.969
38512	26807	206581	39497	0.0080482	6.49480e-05	3.72359e-05	318	-84287.723	-84228.494
38102	31147	205191	44138	0.0081822	4.66664e-05	4.43758e-05	361	-84542.652	-84477.390
40168	27791	208197	39673	0.0087439	6.15409e-05	4.21559e-05	347	-85075.785	-85014.448
40554	27219	196302	39707	0.0069117	6.50092e-05	3.54383e-05	274	-85537.376	-85469.237
41044	29953	209570	37103	0.0121185	6.04805e-05	3.76972e-05	450	-85003.747	-84943.189
41318	28229	213394	40327	0.0089382	6.05185e-05	4.10819e-05	360	-85827.726	-85769.647
44156	27109	205945	37979	0.0072255	6.47593e-05	3.91792e-05	274	-85245.574	-85179.047
42266	25705	207865	37974	0.0073418	6.92620e-05	3.65683e-05	279	-85505.219	-85447.519
40781	28997	210467	38210	0.0066435	5.81226e-05	3.73694e-05	254	-85533.638	-85476.700
41890	32441	204792	40699	0.0034217	4.45490e-05	4.08222e-05	139	-84937.297	-84872.297
44037	29972	210526	38716	0.0036003	5.39981e-05	4.31490e-05	139	-86337.443	-86264.970
42240	25961	210367	38226	0.0099106	6.88886e-05	4.22153e-05	379	-84958.011	-84892.539
41464	29413	200466	39952	0.0105498	5.80202e-05	4.15682e-05	421	-85309.057	-85251.533
43106	32803	207694	40880	0.0181671	5.20752e-05	5.32780e-05	743	-84968.778	-84906.794
41935	29509	208726	38978	0.0083029	5.99556e-05	3.94635e-05	324	-85314.806	-85249.917
41132	27707	203879	39703	0.0090443	6.45028e-05	4.00184e-05	359	-85894.392	-85841.046
40766	29906	203040	39272	0.0120394	5.90628e-05	4.17680e-05	473	-85130.677	-85065.768
42064	27494	202511	40437	0.0072460	6.07848e-05	3.95826e-05	293	-85040.189	-84977.089
40734	28051	202467	40178	0.0103995	6.40953e-05	3.78006e-05	418	-85351.321	-85280.843
42349	30917	211344	39971	0.0044932	5.18331e-05	3.98774e-05	180	-86226.371	-86166.855
42717	30885	203372	37920	0.0129714	5.30469e-05	4.47134e-05	492	-84956.951	-84894.674
38796	27820	198481	42284	0.0084418	6.13429e-05	3.95625e-05	357	-84997.138	-84922.840
42856	28265	203932	41526	0.0068827	5.68982e-05	4.29706e-05	286	-85424.253	-85360.621
42703	28805	204618	38873	0.0077934	5.88459e-05	3.98412e-05	303	-85875.384	-85820.526
38883	29985	205821	39413	0.0133815	6.03252e-05	3.91197e-05	527	-85665.021	-85608.379
40839	29517	204697	41112	0.0115039	5.71673e-05	4.29129e-05	473	-84789.003	-84727.281
44152	28458	196792	38486	0.0062265	5.99673e-05	3.99020e-05	240	-85350.910	-85290.212
41494	31002	200486	42249	0.0067274	4.92722e-05	4.15533e-05	284	-85926.395	-85858.843
41837	29374	204170	37136	0.0090676	5.74884e-05	3.76756e-05	337	-85053.872	-84989.511
43184	29333	199796	38481	0.0089605	6.07715e-05	3.95790e-05	345	-85330.128	-85266.625
40960	29979	204112	40391	0.0056439	4.92478e-05	4.01530e-05	228	-84410.773	-84344.289
41511	29261	212588	40298	0.0085219	5.54721e-05	4.07770e-05	343	-85766.255	-85701.540
42015	30406	199026	40817	0.0104629	5.61255e-05	3.94542e-05	427	-86756.649	-86690.739
42131	30640	206581	36897	0.0065853	5.44069e-05	3.72359e-05	243	-85290.646	-85234.225
42608	31390	200433	38573	0.0071668	5.25553e-05	3.78626e-05	276	-86106.488	-86043.733
41807	26964	203297	40923	0.0133111	7.05564e-05	4.31441e-05	545	-85346.923	-85275.923
39749	28697	208508	42867	0.0083612	5.74443e-05	4.20272e-05	358	-85648.994	-85588.500
42369	27988	210843	37339	0.0123895	6.43558e-05	4.05784e-05	463	-85285.897	-85224.302
43523	30077	209130	38141	0.0097608	5.55559e-05	4.32541e-05	372	-85366.255	-85304.634
42139	31478	202243	37947	0.0103845	4.93913e-05	4.22913e-05	394	-85577.212	-85508.826
42393	31799	211311	39035	0.0120997	5.05124e-05	4.40922e-05	472	-85151.915	-85081.701
39098	29757	202618	42356	0.0037516	5.06624e-05	3.97199e-05	159	-85008.424	-84941.127
39657	28087	208678	41525	0.0158473	6.61191e-05	4.40511e-05	658	-85573.788	-85512.596
45173	30253	200841	37618	0.0105602	5.58984e-05	3.92495e-05	397	-86781.599	-86718.041
39964	29492	207682	43634	0.0102284	5.47100e-05	4.46077e-05	446	-85384.273	-85325.733
41645	30858	213970	38249	0.0143980	5.53447e-05	4.04646e-05	551	-85482.865	-85417.631
42037	29714	198134	45390	0.0062122	5.17065e-05	4.05856e-05	282	-86473.573	-86411.305
38543	29422	209590	43663	0.0094543	5.56845e-05	4.43923e-05	413	-85222.982	-85151.114
41189	32663	205502	39813	7.86807e-04	4.41896e-05	4.13360e-05	31	-85333.748	-85278.396
42719	28245	206270	39707	0.0084418	6.04185e-05	3.80686e-05	335	-85902.225	-85842.920
38234	28252	205287	41827	0.0117649	6.84095e-05	3.98760e-05	492	-85851.547	-85797.313
43160	36144	200706	39349	5.56173e-04	3.49764e-05	4.39281e-05	22	-85435.863	-85374.444
42026	34505	202430	42761	0.0044954	3.76207e-05	4.69629e-05	192	-85420.465	-85362.522
41506	32484	206788	38629	0.0076430	5.01845e-05	3.95792e-05	295	-86251.130	-86189.771
40387	31655	199988	44221	0.0048068	4.90746e-05	4.15763e-05	213	-86464.324	-86405.738
41750	32062	208420	39045	0.0117220	4.92611e-05	4.52823e-05	458	-84933.398	-84871.090
43358	33054	202199	39514	0.0094344	4.77852e-05	4.24238e-05	373	-86389.493	-86336.453
42256	28692	211988	38014	0.0163679	7.33693e-05	4.16991e-05	622	-86287.868	-86235.707
39533	28975	208603	42245	0.0112351	5.80361e-05	4.18956e-05	475	-85613.876	-85551.444
36684	31756	198429	48716	0.0085909	4.76205e-05	4.53165e-05	419	-85401.059	-85329.493
36024	30098	204775	46186	0.0073788	5.26358e-05	4.28587e-05	341	-84961.244	-84911.373
41631	31330	205514	37872	0.0104762	5.35826e-05	3.78668e-05	397	-85289.518	-85224.775
39401	28320	212174	42110	0.0116212	6.35284e-05	4.52545e-05	489	-84909.787	-84844.692
39382	27668	202511	41391	0.0070030	6.41896e-05	3.99011e-05	290	-84734.436	-84666.483
40430	29056	203559	41265	0.0012297	5.24018e-05	3.75858e-05	51	-85292.667	-85240.904
38032	26869	212191	43664	0.0043811	5.89718e-05	4.23052e-05	191	-84972.235	-84903.071
41306	29074	207759	39822	0.0101526	6.34363e-05	4.52275e-05	404	-84795.278	-84735.600
42245	31039	209760	38580	0.0111288	5.61385e-05	4.01179e-05	429	-85325.395	-85266.716
38733	26454	208612	42784	0.0096852	6.72787e-05	4.24228e-05	414	-84768.041	-84715.744
39092	29916	205463	44712	0.0047603	5.05521e-05	4.70920e-05	213	-84712.178	-84655.542
42071	28744	208813	38410	0.0121884	6.65645e-05	4.07383e-05	468	-85488.645	-85416.002
38356	29611	199958	49083	0.0085048	5.70822e-05	4.80578e-05	417	-86032.295	-85970.545
39434	31193	194560	46237	0.0093976	5.18543e-05	4.67358e-05	435	-85797.692	-85738.195
41444	29918	203670	40580	0.0092321	5.84348e-05	4.29813e-05	375	-85702.039	-85642.279
42959	28375	207464	39525	0.0088088	5.85576e-05	4.02699e-05	348	-85989.414	-85932.507
38199	29909	204104	43632	0.0073547	5.39656e-05	4.27736e-05	321	-85216.584	-85150.360
40388	28078	208141	41060	0.0083825	6.32384e-05	4.05294e-05	344	-85727.686	-85660.898
41921	29536	202511	39707	0.0084418	5.77791e-05	3.87752e-05	335	-84826.994	-84769.717
