NANC	NPOP1	NPOP2	TDIV	TPROP	MIG12	MIG21	ISO	MaxEstLhood	MaxObsLhood
38835	30447	353187	63898	0.0210912	4.02213e-05	3.05747e-05	1348	-128141.491	-128063.009
39358	34321	357067	62779	0.0190983	3.14301e-05	3.17207e-05	1199	-127049.827	-126971.053
36590	33866	358386	66939	0.0195602	3.33799e-05	2.95778e-05	1309	-128716.990	-128641.718
35667	33604	356378	74833	0.0180493	3.07175e-05	3.27290e-05	1351	-128667.099	-128579.152
34227	31033	365652	73061	0.0192523	3.67464e-05	3.32059e-05	1407	-128129.897	-128056.862
35905	35324	342839	69697	0.0167560	2.63490e-05	2.87487e-05	1168	-128315.055	-128233.403
33350	34574	351764	70565	0.0239863	3.17579e-05	3.30116e-05	1693	-127172.589	-127104.568
36095	32190	364627	70215	0.0292657	3.88571e-05	3.61610e-05	2055	-127075.996	-126995.612
38651	37976	357817	63750	0.0242320	2.64134e-05	3.07415e-05	1545	-127979.131	-127898.773
39576	32853	358366	66491	0.0171192	3.10836e-05	2.89320e-05	1138	-128224.055	-128142.677
34533	34931	356010	72305	0.0210400	3.04060e-05	3.19089e-05	1521	-128295.577	-128219.605
37860	33928	353233	65111	0.0181286	3.12728e-05	2.85574e-05	1180	-128291.497	-128221.824
37740	33936	364212	67534	0.0213797	2.99611e-05	3.20025e-05	1444	-127739.466	-127660.403
31570	33292	356405	72975	0.0200274	3.40068e-05	3.20219e-05	1462	-128051.047	-127978.807
35320	29880	356728	64448	0.0272624	4.51563e-05	2.99884e-05	1757	-127344.902	-127264.805
37200	30930	357188	67107	0.0190163	3.56880e-05	2.95679e-05	1276	-127899.555	-127826.869
37887	32143	358509	67053	0.0248340	3.56062e-05	3.26316e-05	1665	-128523.503	-128454.427
38313	30969	364328	61331	0.0216280	3.92903e-05	2.84574e-05	1326	-127536.783	-127458.666
35916	30509	356237	67529	0.0255373	3.96617e-05	3.07077e-05	1724	-128653.440	-128572.154
37500	35280	360578	67833	0.0208822	2.84090e-05	3.12669e-05	1417	-128049.708	-127976.622
37613	30960	356120	63752	0.0215552	3.75654e-05	2.66242e-05	1374	-128885.155	-128798.336
36064	37602	356544	67154	0.0235740	2.69657e-05	3.14843e-05	1583	-128354.113	-128282.630
36850	30669	350375	64698	0.0255877	3.86313e-05	2.93793e-05	1655	-127827.970	-127725.197
34856	31596	357182	74274	0.0202121	3.68186e-05	3.37301e-05	1501	-128443.559	-128375.435
36751	34472	357070	64373	0.0157854	2.83588e-05	2.75834e-05	1016	-127760.515	-127682.066
34709	29755	350196	70382	0.0249824	4.12338e-05	3.08532e-05	1758	-128249.506	-128170.031
39420	33204	351070	64444	0.0220389	3.40328e-05	2.95320e-05	1420	-128376.253	-128303.720
38346	32396	358467	62044	0.0268617	3.60726e-05	2.73376e-05	1667	-128977.332	-128893.776
39781	33342	361299	63925	0.0248959	3.44644e-05	3.06541e-05	1591	-128934.726	-128865.145
36481	32455	352276	66912	0.0192182	3.38778e-05	3.08183e-05	1286	-127258.110	-127183.797
36370	31754	355416	67684	0.0168551	3.33014e-05	2.92057e-05	1141	-128513.385	-128431.034
39974	34375	346645	62664	0.0263717	3.22464e-05	2.91676e-05	1653	-127633.657	-127560.373
32579	30944	360968	72794	0.0206319	4.00735e-05	3.33042e-05	1502	-127946.443	-127864.071
30967	35588	342663	77634	0.0239577	3.04509e-05	3.55282e-05	1860	-127192.023	-127109.048
36252	31644	361969	68568	0.0206381	3.30398e-05	3.07997e-05	1415	-127220.607	-127149.103
38642	33338	356510	63030	0.0260347	3.68260e-05	2.80378e-05	1641	-129493.676	-129409.553
36708	31088	360081	65124	0.0214997	3.63866e-05	3.09294e-05	1400	-127004.745	-126930.258
42619	27180	362493	59917	0.0197272	4.48603e-05	2.76462e-05	1182	-127217.080	-127130.954
39299	35144	362360	59577	0.0309043	3.37495e-05	2.96082e-05	1841	-127170.635	-127110.357
39504	33842	358155	62044	0.0237594	3.32323e-05	2.90234e-05	1474	-128397.497	-128321.551
36866	33139	360144	67117	0.0190857	3.39386e-05	3.13528e-05	1281	-127656.452	-127582.846
38326	32756	363445	64899	0.0260507	3.55942e-05	3.19598e-05	1691	-128281.931	-128208.250
38493	28866	366376	59574	0.0244597	4.61572e-05	2.75094e-05	1457	-127778.930	-127710.751
38957	32543	357343	60505	0.0278246	3.40525e-05	2.68312e-05	1684	-127752.696	-127668.338
36799	32931	351248	70411	0.0239469	3.26547e-05	3.27735e-05	1686	-127505.121	-127435.019
37820	34088	358681	62200	0.0203798	2.97477e-05	2.95893e-05	1268	-126700.516	-126625.582
41556	33621	356885	60766	0.0248861	3.51172e-05	2.86709e-05	1512	-129044.900	-128976.833
35371	29923	360372	63792	0.0256534	4.22914e-05	2.94176e-05	1636	-127591.428	-127523.558
40111	29891	355532	59834	0.0176516	3.64309e-05	2.59737e-05	1056	-127638.760	-127556.948
39295	33493	357786	61685	0.0241167	3.34018e-05	2.79493e-05	1488	-128336.310	-128259.452
42291	34186	358549	59242	0.0201104	3.35721e-05	2.85512e-05	1191	-127820.418	-127742.549
39187	31530	368094	60586	0.0228872	3.54916e-05	2.81662e-05	1387	-127659.910	-127576.981
41582	32776	358873	62044	0.0237594	3.56841e-05	3.00952e-05	1474	-128397.706	-128326.049
38734	36343	353932	66379	0.0201978	2.95022e-05	3.13350e-05	1341	-128914.116	-128828.281
36987	33835	358430	66951	0.0281660	3.41999e-05	3.25335e-05	1886	-127567.472	-127483.863
34882	33800	356372	66827	0.0288715	3.39913e-05	3.22100e-05	1929	-126936.094	-126865.595
40383	30726	361339	61464	0.0245544	3.93323e-05	2.93465e-05	1509	-128146.172	-128066.784
38330	27477	362360	59338	0.0260448	4.96925e-05	2.73853e-05	1545	-127060.456	-127001.137
39411	31155	358576	61561	0.0235821	3.90361e-05	2.91827e-05	1452	-127643.316	-127575.206
39512	32338	361197	62999	0.0237594	3.62961e-05	2.87040e-05	1497	-128466.100	-128388.843
35966	30839	352842	67685	0.0238989	4.06497e-05	3.18748e-05	1618	-127638.681	-127563.096
41111	33335	354622	58463	0.0262960	3.44020e-05	3.05987e-05	1537	-126240.517	-126178.559
39444	30735	353606	62137	0.0258172	3.96481e-05	2.95720e-05	1604	-127948.378	-127878.714
37597	30724	357045	66338	0.0195340	3.70148e-05	3.05396e-05	1296	-127496.761	-127409.035
33416	32386	361311	70346	0.0225656	3.64252e-05	3.02995e-05	1587	-128999.531	-128915.078
34739	33507	359829	71619	0.0241640	3.64520e-05	3.42224e-05	1731	-128769.197	-128691.761
38143	33785	359112	69760	0.0198668	2.95082e-05	3.17236e-05	1386	-127830.176	-127757.617
38672	31668	356269	62164	0.0257831	3.83334e-05	2.92057e-05	1603	-127439.091	-127354.054
39263	33475	350975	63702	0.0163322	2.95862e-05	2.89400e-05	1040	-126944.812	-126856.188
39062	33252	356717	63273	0.0182219	3.23559e-05	2.97136e-05	1153	-127826.403	-127743.971
39771	34530	353102	62980	0.0203003	2.78748e-05	3.08514e-05	1279	-126505.383	-126423.979
39534	34155	352912	62675	0.0205760	3.25241e-05	3.05116e-05	1290	-127662.739	-127583.239
38858	32048	361409	68277	0.0208911	3.19814e-05	3.24532e-05	1426	-127886.586	-127808.679
30346	34432	352185	83789	0.0174520	2.89291e-05	3.57104e-05	1462	-128036.087	-127963.185
42139	31207	361388	60755	0.0259960	4.19209e-05	2.95459e-05	1579	-128356.812	-128287.956
36125	34512	347038	69076	0.0195080	2.91436e-05	3.09743e-05	1348	-126876.700	-126803.748
34346	32422	350692	70019	0.0219637	3.46621e-05	2.97961e-05	1538	-128027.008	-127956.099
38437	34620	355586	69239	0.0292207	3.60530e-05	3.60253e-05	2023	-127898.936	-127823.038
39503	37097	350714	67475	0.0267643	2.97379e-05	3.20952e-05	1806	-128352.137	-128274.041
37089	32108	357480	64051	0.0253513	3.80634e-05	3.09725e-05	1624	-126574.554	-126509.048
38484	33165	357107	64822	0.0268726	3.52238e-05	3.23387e-05	1742	-127281.087	-127202.519
35952	35634	358716	68978	0.0280032	3.27798e-05	3.47013e-05	1932	-127658.249	-127577.369
39196	32956	361210	63989	0.0277377	3.62330e-05	3.16920e-05	1775	-127763.521	-127692.748
38575	31752	351569	60803	0.0205782	3.67143e-05	2.69182e-05	1251	-126751.430	-126663.122
25955	34140	347505	85286	0.0246234	3.52167e-05	3.73512e-05	2100	-127627.619	-127553.045
37806	31779	355414	62471	0.0237594	3.48988e-05	2.81325e-05	1484	-126745.879	-126661.458
37279	31308	363275	66005	0.0241845	4.05485e-05	3.27302e-05	1596	-127920.433	-127850.301
36508	32279	359877	67219	0.0265411	3.80856e-05	3.22263e-05	1784	-127534.647	-127459.733
38390	29995	353683	62044	0.0246648	4.15912e-05	2.82218e-05	1530	-127027.145	-126951.324
39943	33653	356368	61621	0.0293015	3.79901e-05	3.06593e-05	1806	-127771.394	-127697.979
37047	29188	361935	63346	0.0246648	4.17292e-05	2.86455e-05	1562	-127620.123	-127543.299
37692	30503	354471	64933	0.0195453	3.73850e-05	2.96990e-05	1269	-127303.975	-127222.981
36554	32453	359185	66250	0.0272505	3.98041e-05	3.01341e-05	1805	-128906.031	-128829.361
42696	32143	362196	63214	0.0237683	3.54145e-05	3.09112e-05	1502	-128781.165	-128712.919
37205	32153	364698	66422	0.0210170	3.54735e-05	3.18480e-05	1396	-127911.913	-127835.463
37535	33445	349248	68146	0.0201023	3.04039e-05	3.01520e-05	1370	-128562.297	-128469.880
38291	27715	358669	62182	0.0190750	4.42171e-05	2.63863e-05	1186	-127740.203	-127658.569
41020	34748	364069	62038	0.0299341	3.27931e-05	3.20115e-05	1857	-128934.399	-128858.564
38680	34501	357276	63586	0.0234824	3.25627e-05	2.90165e-05	1493	-128619.720	-128536.358
37029	31212	360382	62343	0.0251607	3.99914e-05	3.05806e-05	1569	-126920.328	-126846.364
