Parameter	mean	lower_CI	upper_CI	lower_quantile_CI.2.5%	upper_quantile_CI.97.5%
NANC	36800.46	36187.4401418502	37413.4798581498	28383.95	41458.625
NPOP1	34884.32	34515.5232694083	35253.1167305917	31481.85	39117.1
NPOP2	354337.34	353477.377003629	355197.302996371	345703.075	363594.75
TDIV	69224.52	68194.2948255111	70254.7451744889	61954.675	82911.025
TPROP	0.014523099	0.0140968938823325	0.0149493041176675	0.01022119	0.0182080375
MIG12	0.000029418973	0.0000287714769158985	0.0000300664690841015	0.000023270595	0.0000369065375
MIG21	0.000032839067	0.0000324487572306768	0.0000332293767693232	0.0000293588775	0.0000366574475
ISO	1003.3	972.594940127272	1034.00505987273	746.85	1300.575
MaxEstLhood	-126874.26038	-127018.602926199	-126729.917833801	-128105.065575	-125321.9021
MaxObsLhood	-126795.13196	-126939.117776125	-126651.146143875	-128017.407925	-125247.61285
