Parameter	mean	lower_CI	upper_CI	lower_quantile_CI.2.5%	upper_quantile_CI.97.5%
NANC	45951.95	45638.6038252627	46265.2961747373	43046.4	48898.375
NPOP1	22714.42	22378.0844161733	23050.7555838266	19713.15	26407.1
NPOP2	208829.61	207889.37128278	209769.84871722	199283.45	217666.85
TDIV	37391.96	37005.5102906179	37778.4097093821	33611.225	40878.175
TPROP	0.00208319772	0.00170774836982994	0.00245864707017006	0.000267010575	0.00709914249999999
MIG12	0.00006895352	0.0000674271973075646	0.0000704798426924354	0.000055105	0.0000852798275
MIG21	0.000027938139	0.0000274672522968621	0.0000284090257031379	0.0000235120625	0.00003214138
ISO	77.8	64.0798844431345	91.5201155568655	9.475	272.5
MaxEstLhood	-83766.09182	-83863.363669215	-83668.819970785	-84664.885225	-82838.019125
MaxObsLhood	-83710.21807	-83807.4024922825	-83613.0336477175	-84608.930325	-82779.537875
