NANC	NPOP1	NPOP2	TDIV	TPROP	MIG12	MIG21	ISO	MaxEstLhood	MaxObsLhood
45435	45826	199185	31961	0.2793865	1.38771e-05	8.42516e-06	8930	-103176.314	-103112.684
42889	40668	202186	33178	0.2441093	1.66666e-05	8.59494e-06	8099	-102510.812	-102450.508
43012	42299	200242	32376	0.2468944	1.38546e-05	9.31987e-06	7993	-101629.668	-101576.222
41593	45015	195141	33049	0.2545221	1.44340e-05	8.45822e-06	8412	-101678.399	-101617.086
46183	45023	196757	31139	0.2197588	1.54783e-05	9.99964e-06	6843	-103512.179	-103433.535
42634	43729	200255	32032	0.2572490	1.31832e-05	8.79882e-06	8240	-102291.537	-102232.385
41862	44739	196274	34873	0.3046421	1.35852e-05	7.87476e-06	10624	-102548.730	-102489.439
42944	43765	199474	32756	0.2666609	1.24528e-05	8.98329e-06	8735	-102537.979	-102476.400
42525	47343	191517	34042	0.2782423	1.25267e-05	9.02328e-06	9472	-102868.413	-102813.305
42665	45245	203154	32741	0.3626262	1.37243e-05	7.50214e-06	11873	-102525.924	-102474.055
42750	44965	194553	34611	0.3130534	1.18551e-05	7.98109e-06	10835	-103488.113	-103431.809
43805	43239	195732	32403	0.2523739	1.49933e-05	8.84943e-06	8178	-102722.048	-102653.896
41368	42878	191261	35168	0.2544500	1.55821e-05	8.09798e-06	8948	-102025.368	-101970.568
43802	41146	200963	33537	0.2264618	1.63383e-05	9.13301e-06	7595	-103741.189	-103676.117
44005	46702	195363	32831	0.2339841	1.28106e-05	1.02015e-05	7682	-102961.206	-102898.230
43485	43187	199879	32141	0.2934356	1.37574e-05	8.18543e-06	9431	-102300.342	-102247.253
46125	41678	204953	31491	0.2562203	1.55129e-05	9.41872e-06	8069	-103787.038	-103710.638
42575	43480	197810	34424	0.3219324	1.44125e-05	8.02092e-06	11082	-103720.912	-103644.882
45028	46863	199432	33103	0.2458626	1.14586e-05	9.69951e-06	8139	-103457.275	-103397.008
44209	44366	196190	32469	0.2632491	1.43665e-05	8.68093e-06	8547	-102516.552	-102458.145
43584	42403	198345	32356	0.2472041	1.56585e-05	9.45284e-06	7999	-102346.891	-102285.309
44603	45083	198267	32444	0.2329316	1.39673e-05	9.87673e-06	7557	-103093.367	-103013.375
43531	44561	200672	33260	0.2394430	1.49180e-05	9.40271e-06	7964	-102938.543	-102866.889
42446	43983	200125	34154	0.3137418	1.33173e-05	8.02339e-06	10715	-103498.063	-103433.355
42953	45092	200421	32588	0.2363967	1.38248e-05	9.43940e-06	7704	-103078.452	-103018.901
41725	41602	198103	33992	0.3038487	1.46897e-05	8.28558e-06	10328	-103011.238	-102949.189
43605	44583	193037	33818	0.2408245	1.49792e-05	9.07996e-06	8144	-103516.453	-103440.185
43343	41892	195586	32961	0.2297149	1.42687e-05	8.99873e-06	7572	-102250.549	-102184.479
42554	44196	199668	33987	0.2522591	1.30338e-05	9.87229e-06	8573	-103445.148	-103363.907
42974	45683	202032	31974	0.2049174	1.50301e-05	1.01508e-05	6552	-103162.655	-103090.573
45990	43239	197689	31090	0.2553756	1.53559e-05	8.49510e-06	7940	-102511.243	-102449.206
43801	44463	197689	31404	0.2303660	1.50752e-05	9.18008e-06	7234	-102497.176	-102421.937
44586	42491	192938	33659	0.2313902	1.54028e-05	8.71851e-06	7788	-103122.779	-103058.935
44682	43476	199567	32669	0.2888017	1.42210e-05	7.75987e-06	9435	-103296.282	-103247.846
44175	45182	203731	31513	0.2434810	1.36718e-05	9.39455e-06	7673	-103041.167	-102975.720
45108	44136	201830	31430	0.2842850	1.44261e-05	8.80230e-06	8935	-102960.551	-102903.092
43049	44733	198045	34677	0.2698379	1.55744e-05	9.15878e-06	9357	-104339.541	-104276.680
43448	45871	200295	31475	0.2585865	1.35294e-05	8.83581e-06	8139	-102425.719	-102361.924
44653	44453	200895	31774	0.2356810	1.55655e-05	9.04637e-06	7488	-103000.895	-102936.930
44958	45074	199035	31960	0.2275510	1.40788e-05	9.48003e-06	7272	-102977.613	-102912.122
44462	41906	191619	32316	0.2846136	1.20374e-05	8.43188e-06	9198	-101980.990	-101914.214
42504	43136	198897	32118	0.2278940	1.54899e-05	8.95187e-06	7320	-102732.299	-102665.092
46139	41956	200266	31534	0.3190644	1.46553e-05	7.83128e-06	10061	-103542.541	-103466.813
41841	45059	202677	32471	0.2695140	1.44379e-05	7.72670e-06	8751	-102363.318	-102284.355
44084	43897	198414	33060	0.2322689	1.49966e-05	9.88567e-06	7679	-103159.153	-103090.839
44561	46527	202585	31816	0.2904609	1.27085e-05	8.35657e-06	9241	-102977.037	-102911.534
45466	45943	200344	30641	0.2373633	1.36819e-05	9.70696e-06	7273	-102092.256	-102037.530
43171	43516	196421	33889	0.2947127	1.44746e-05	8.45169e-06	9987	-103351.086	-103282.015
43231	44716	198019	34264	0.3104291	1.28422e-05	8.04381e-06	10637	-103541.632	-103484.259
43998	44603	200240	31592	0.2696447	1.47266e-05	7.89569e-06	8519	-102837.614	-102766.797
44203	44041	200590	33736	0.2641516	1.50359e-05	8.94314e-06	8911	-103606.700	-103534.937
45209	44879	196930	31967	0.2836479	1.24011e-05	9.17812e-06	9067	-102440.907	-102360.160
44146	43871	200546	32394	0.2023214	1.64350e-05	1.06277e-05	6554	-103068.244	-103001.039
43420	43243	199957	32598	0.3189332	1.25661e-05	7.77577e-06	10396	-102411.810	-102349.134
43519	44781	196054	32012	0.2767267	1.40294e-05	9.02086e-06	8859	-101925.373	-101875.544
43111	43438	204203	33137	0.2763212	1.48075e-05	7.80935e-06	9156	-102366.138	-102299.138
43293	40895	200181	32392	0.2843187	1.41454e-05	8.61681e-06	9210	-101739.573	-101681.848
44787	43239	193775	32310	0.2572908	1.43875e-05	9.48282e-06	8313	-103243.346	-103172.291
45069	42080	195286	31754	0.2364213	1.50356e-05	9.03190e-06	7507	-102463.161	-102389.647
43805	42807	197689	32056	0.2241737	1.55110e-05	9.54459e-06	7186	-102932.574	-102862.749
43299	44610	197689	31090	0.2070439	1.47258e-05	9.54459e-06	6437	-101790.607	-101720.643
42883	43075	196830	33968	0.2779545	1.41236e-05	7.93541e-06	9442	-102947.242	-102874.360
41361	42754	194175	33417	0.2850284	1.21522e-05	8.12958e-06	9525	-102200.254	-102139.398
45254	45739	196916	31947	0.2837135	1.33298e-05	8.27133e-06	9064	-103373.422	-103296.806
43367	45830	193666	32140	0.2461746	1.47386e-05	8.98042e-06	7912	-101632.654	-101571.688
41601	44460	193308	34497	0.2800383	1.45066e-05	8.58236e-06	9660	-102573.074	-102508.485
41732	43204	196097	33298	0.2432953	1.48893e-05	9.23124e-06	8101	-102576.290	-102511.590
42437	45189	197821	32403	0.2920190	1.27457e-05	8.77467e-06	9462	-102150.656	-102098.149
45682	44209	205611	32050	0.2416281	1.46787e-05	9.20464e-06	7744	-103778.068	-103711.481
43805	43239	195732	31404	0.2241737	1.53559e-05	9.64003e-06	7040	-101669.180	-101613.023
43169	43855	197662	33452	0.3142957	1.15838e-05	7.46877e-06	10514	-102567.048	-102497.325
45092	44592	197689	32524	0.2212710	1.48901e-05	9.70123e-06	7197	-103199.795	-103134.617
44107	45272	201048	32736	0.3121353	1.22440e-05	8.10915e-06	10218	-103769.303	-103698.822
43970	43034	199535	33314	0.2454478	1.45309e-05	8.72644e-06	8177	-103887.946	-103812.826
43697	41606	200797	33203	0.2883596	1.59877e-05	7.26336e-06	9574	-103354.469	-103281.974
45072	45652	200230	32770	0.2306572	1.41854e-05	8.92554e-06	7559	-104028.915	-103968.332
43163	46003	196752	31944	0.2271053	1.30414e-05	1.01173e-05	7255	-102558.200	-102492.789
46919	44761	199866	31090	0.2315062	1.35643e-05	9.63827e-06	7198	-103551.983	-103477.343
42933	43209	197065	32221	0.2167667	1.42833e-05	9.63583e-06	6984	-102185.590	-102126.481
43495	44288	193755	32836	0.2984897	1.37843e-05	8.29716e-06	9801	-102491.597	-102433.352
42491	40777	194130	34467	0.2961606	1.59602e-05	7.49921e-06	10208	-102955.168	-102880.197
43647	42371	202612	32620	0.3004839	1.43455e-05	7.93456e-06	9802	-102879.713	-102819.020
44306	42932	195933	32465	0.2937977	1.23517e-05	8.42895e-06	9538	-102143.343	-102080.886
43378	45717	196717	33167	0.2142563	1.55369e-05	1.00460e-05	7106	-102548.512	-102481.016
43676	41481	198027	32973	0.2398130	1.53259e-05	9.13107e-06	7907	-103240.794	-103167.440
43809	45276	194859	32333	0.2914502	1.22432e-05	8.31394e-06	9424	-102413.149	-102341.706
45525	44101	193889	31980	0.2524645	1.43742e-05	8.67710e-06	8074	-103001.200	-102933.316
43312	43734	193683	33758	0.2681154	1.47006e-05	9.36760e-06	9051	-102218.811	-102151.408
42252	43671	196861	32756	0.2055534	1.70259e-05	9.49665e-06	6733	-102477.811	-102413.299
42211	43086	199332	34228	0.3067624	1.25175e-05	8.16211e-06	10500	-102659.056	-102607.009
46576	45123	198649	30709	0.2709540	1.27094e-05	8.00773e-06	8321	-102780.404	-102707.249
43250	42284	198051	34234	0.2494393	1.48659e-05	8.56315e-06	8539	-103438.428	-103375.670
44531	43906	197675	31247	0.2373208	1.43078e-05	9.04729e-06	7416	-102287.379	-102216.001
40832	44564	197689	33867	0.2505432	1.43587e-05	9.43526e-06	8485	-101801.659	-101743.272
42901	43901	197323	32359	0.2886688	1.36782e-05	8.73796e-06	9341	-102850.545	-102778.944
42937	43039	194686	34080	0.2800266	1.37507e-05	7.64832e-06	9543	-103139.754	-103063.794
43648	46173	199646	32624	0.2565641	1.36236e-05	9.47147e-06	8370	-103841.626	-103768.764
44566	44447	196241	33323	0.2391251	1.33448e-05	8.81463e-06	7968	-103099.800	-103033.876
44921	43324	203317	32189	0.2681826	1.61664e-05	7.82331e-06	8633	-102851.417	-102791.804
44504	43043	196366	31744	0.2537531	1.55919e-05	9.36343e-06	8055	-102577.799	-102499.585
