NANC	NPOP1	NPOP2	TDIV	TPROP	MIG12	MIG21	ISO	MaxEstLhood	MaxObsLhood
43153	45236	195873	32117	0.3123651	1.24848e-05	9.50315e-06	10032	-102778.903	-102724.582
41084	44260	195765	33475	0.2577688	1.54668e-05	9.68297e-06	8629	-102851.414	-102791.310
44005	44830	198338	31291	0.3592977	1.19673e-05	9.17577e-06	11243	-103166.396	-103110.875
43067	47975	191713	32133	0.2464040	1.36908e-05	1.06611e-05	7918	-104324.871	-104254.885
39953	45284	190967	35327	0.3414182	1.35796e-05	8.74751e-06	12061	-103770.691	-103719.504
43512	45246	197373	32607	0.2513715	1.53483e-05	1.05008e-05	8197	-103386.593	-103327.597
40913	48713	193600	33472	0.3518932	1.18826e-05	9.38220e-06	11779	-103626.188	-103554.590
42591	46095	195278	33245	0.2952927	1.35367e-05	8.70890e-06	9817	-102774.062	-102719.787
43292	45306	197522	31566	0.2616410	1.50641e-05	9.40290e-06	8259	-103159.376	-103112.829
44554	46883	193928	32126	0.3069862	1.25822e-05	9.91873e-06	9862	-104026.338	-103955.603
42443	44335	197410	32876	0.2651920	1.57261e-05	9.90675e-06	8718	-103066.262	-103012.403
43417	48727	201655	31204	0.2623651	1.45657e-05	9.83541e-06	8187	-103834.803	-103772.059
45137	45960	196328	30471	0.2464638	1.41618e-05	9.90403e-06	7510	-102732.683	-102672.009
45262	48219	195164	31265	0.2819034	1.21871e-05	9.63045e-06	8814	-103904.353	-103830.098
42415	47223	197675	33543	0.2543651	1.40640e-05	9.87245e-06	8532	-103683.905	-103631.385
45417	42965	195477	31361	0.2484052	1.58209e-05	1.01641e-05	7790	-103703.015	-103644.723
43894	44967	196207	32303	0.2854246	1.37337e-05	9.66343e-06	9220	-103419.612	-103354.307
42947	46348	195507	32411	0.3380744	1.31495e-05	9.30613e-06	10957	-103763.670	-103712.432
43318	48812	194227	32044	0.2596420	1.35746e-05	9.87007e-06	8320	-103628.071	-103561.113
43620	49121	204642	31154	0.2459354	1.64815e-05	9.98756e-06	7662	-104063.993	-103997.058
42595	46754	192672	32093	0.2699205	1.39696e-05	9.66025e-06	8663	-102739.022	-102687.640
42395	46472	197197	31848	0.2644504	1.41306e-05	9.95237e-06	8422	-102938.837	-102873.108
42945	45512	196780	33239	0.3929286	1.26703e-05	8.96992e-06	13061	-103490.157	-103420.076
42451	45276	193758	32487	0.2397171	1.42271e-05	9.83501e-06	7788	-103455.810	-103397.696
42384	46656	194744	32625	0.2606340	1.34648e-05	9.94811e-06	8503	-102796.964	-102737.073
42369	47064	192243	32514	0.2730101	1.40317e-05	1.04693e-05	8877	-102674.104	-102620.353
44498	47443	197127	31669	0.2468373	1.66912e-05	9.48445e-06	7817	-103640.829	-103586.510
42970	44972	195585	31701	0.2469178	1.65581e-05	9.89517e-06	7827	-102878.032	-102815.242
44494	46604	195835	31886	0.2378819	1.48865e-05	1.04367e-05	7585	-103190.407	-103129.218
44503	49268	199902	31031	0.2449691	1.25193e-05	1.05511e-05	7602	-104075.993	-103992.010
41524	47776	192755	33441	0.2549446	1.32682e-05	1.01075e-05	8526	-102803.319	-102752.235
43036	47989	194339	31775	0.2533067	1.33450e-05	1.02744e-05	8049	-102802.083	-102744.267
42145	46756	195845	34023	0.2714497	1.33137e-05	9.69833e-06	9236	-103570.106	-103520.976
44288	44634	198345	31868	0.3005807	1.54150e-05	8.65707e-06	9579	-103128.623	-103073.294
43503	48775	189795	30928	0.2537034	1.28602e-05	1.00192e-05	7847	-102819.426	-102759.771
42415	46157	200596	31502	0.2607164	1.49347e-05	1.05447e-05	8213	-102935.120	-102881.954
41053	46514	192229	33416	0.3006045	1.39258e-05	9.57108e-06	10045	-102885.206	-102830.742
42756	44858	196206	33496	0.3460031	1.42648e-05	8.34243e-06	11590	-103215.327	-103169.375
41950	45819	199441	33650	0.2587469	1.46441e-05	1.04736e-05	8707	-103515.406	-103455.849
42143	46585	198218	32532	0.2833855	1.47815e-05	9.59982e-06	9219	-103504.489	-103439.818
44114	43418	194752	32190	0.3119656	1.53460e-05	8.75074e-06	10042	-103702.581	-103639.787
42548	44961	194709	32592	0.3758967	1.29917e-05	8.25552e-06	12251	-102790.993	-102742.916
42177	45846	197658	31995	0.2431322	1.41494e-05	1.07524e-05	7779	-102935.845	-102874.500
44071	47213	197371	31543	0.2595274	1.41596e-05	9.88322e-06	8186	-102868.776	-102811.696
43851	47662	189520	31695	0.2567323	1.30834e-05	1.12737e-05	8137	-103174.875	-103110.924
42889	47260	191693	31237	0.2657194	1.40466e-05	1.06081e-05	8300	-102480.340	-102424.758
42183	45897	194937	32481	0.2710972	1.47981e-05	9.57615e-06	8806	-102633.691	-102578.005
41526	48132	193549	33672	0.3461234	1.02840e-05	1.00296e-05	11655	-103712.258	-103650.846
42708	47298	196082	32645	0.2341285	1.48528e-05	1.09368e-05	7643	-103422.254	-103370.187
41264	44333	192671	33422	0.3794965	1.39490e-05	8.96927e-06	12684	-103015.062	-102952.159
42073	45327	193649	33389	0.2344903	1.68027e-05	1.02143e-05	7829	-102766.865	-102722.947
43332	48131	196651	33260	0.3532825	1.15890e-05	9.02233e-06	11750	-104162.858	-104090.808
45929	47668	197740	31634	0.2521693	1.31677e-05	1.02004e-05	7977	-104805.796	-104726.716
43373	47189	194319	33441	0.2341520	1.52887e-05	1.02372e-05	7830	-103928.238	-103875.201
43509	45235	194550	32837	0.2901767	1.40871e-05	9.18262e-06	9529	-103339.064	-103294.808
42215	46125	195456	33005	0.2900591	1.38545e-05	8.86517e-06	9573	-103496.001	-103431.480
41928	45902	190682	34889	0.3584480	1.29947e-05	8.92973e-06	12506	-103891.681	-103841.818
43864	47079	194271	30795	0.2631510	1.42469e-05	9.92872e-06	8104	-102346.825	-102295.299
44665	49388	195881	31484	0.3115647	1.16677e-05	9.76516e-06	9809	-103444.455	-103387.166
44465	47224	191713	31237	0.2532251	1.40446e-05	1.05493e-05	7910	-103105.177	-103037.501
42006	50916	193649	33472	0.2502955	1.39991e-05	9.76205e-06	8378	-103780.616	-103729.130
44676	43331	196395	32105	0.2821081	1.54257e-05	9.20013e-06	9057	-103192.716	-103144.131
44309	45255	198710	31490	0.2602484	1.59554e-05	9.09491e-06	8195	-102864.104	-102810.109
44341	46298	199498	31133	0.3021185	1.38154e-05	9.51635e-06	9406	-104202.934	-104141.131
42674	48363	197312	32147	0.2813811	1.27264e-05	1.01105e-05	9046	-103445.110	-103386.331
42103	47472	193649	32902	0.2427182	1.48770e-05	9.58356e-06	7986	-103414.940	-103356.767
43044	47123	199027	32006	0.2632788	1.29167e-05	9.97376e-06	8427	-103777.998	-103723.501
45177	46646	196126	31649	0.2632820	1.38764e-05	9.92749e-06	8333	-104473.403	-104414.194
46102	46683	195159	31092	0.2464399	1.57354e-05	1.03891e-05	7662	-103511.146	-103445.255
44570	45572	196822	32087	0.2628631	1.58364e-05	8.97745e-06	8435	-104455.649	-104401.596
43213	46735	193215	32512	0.3317965	1.29190e-05	8.55479e-06	10787	-103847.575	-103793.026
43417	42083	195611	32652	0.2210503	1.70778e-05	9.38289e-06	7218	-103225.040	-103164.980
45377	45694	200470	31637	0.3115780	1.43372e-05	8.43811e-06	9858	-104302.682	-104248.237
42078	46403	194704	32042	0.2658685	1.36332e-05	1.07184e-05	8519	-103056.398	-102993.139
41745	46283	192558	33908	0.3200525	1.37442e-05	9.18274e-06	10852	-104197.057	-104138.662
44256	47248	197891	32354	0.2744844	1.24731e-05	1.00937e-05	8881	-103619.859	-103557.502
44313	46091	199808	31841	0.2925634	1.39869e-05	9.70195e-06	9316	-103906.439	-103837.689
44898	45298	200199	31275	0.2443058	1.49459e-05	1.01200e-05	7641	-104021.467	-103955.670
43771	45483	198858	31423	0.2724307	1.48199e-05	9.03128e-06	8561	-103599.059	-103540.671
40587	48179	189256	34629	0.2834819	1.31462e-05	1.06372e-05	9817	-103137.614	-103087.537
42974	46153	200022	30290	0.2388762	1.61081e-05	1.07673e-05	7236	-102166.848	-102092.830
42524	44831	192405	34796	0.2956797	1.42340e-05	9.88096e-06	10289	-104021.418	-103966.838
43785	48539	196280	31712	0.2828922	1.32895e-05	1.00822e-05	8971	-102711.893	-102660.580
42666	46243	197690	32958	0.2766847	1.39800e-05	1.05407e-05	9119	-102803.919	-102744.549
43851	45880	198677	31865	0.2840076	1.48716e-05	9.68488e-06	9050	-103123.168	-103069.297
41443	49387	198933	32623	0.3045691	1.23561e-05	9.37845e-06	9936	-102995.953	-102941.264
42105	45869	194139	32966	0.2688520	1.45313e-05	9.47196e-06	8863	-103248.464	-103189.468
42417	46270	196513	33051	0.2649198	1.62675e-05	9.54839e-06	8756	-103068.710	-103015.463
41312	46508	194615	33725	0.2541073	1.61125e-05	9.90585e-06	8570	-102983.277	-102932.714
43072	44611	195566	31575	0.2561378	1.55074e-05	9.41866e-06	8087	-103738.364	-103678.869
42360	46653	193953	31981	0.2738441	1.39138e-05	9.36930e-06	8758	-102379.957	-102330.440
44755	46285	195000	33018	0.2711902	1.50305e-05	9.81954e-06	8954	-105172.679	-105104.180
43213	47540	193461	32153	0.2894590	1.29103e-05	1.01621e-05	9307	-103154.900	-103090.971
42795	47389	195911	32191	0.2620229	1.26489e-05	1.11028e-05	8435	-102837.938	-102786.889
42091	49307	193649	33122	0.2217374	1.36134e-05	1.05545e-05	7344	-102922.499	-102876.939
44449	45426	196283	30928	0.2378819	1.66649e-05	1.02360e-05	7357	-103344.644	-103282.595
43375	45468	195731	32073	0.2304010	1.57026e-05	1.11131e-05	7390	-103108.939	-103051.657
43417	45949	197541	32642	0.2378819	1.50989e-05	1.03466e-05	7765	-103055.919	-103005.632
42616	44916	196620	31276	0.2526910	1.58948e-05	1.17190e-05	7903	-101979.693	-101909.390
41359	46971	201670	32494	0.2738116	1.47110e-05	9.88184e-06	8897	-103302.497	-103237.846
