Parameter	mean	lower_CI	upper_CI	lower_quantile_CI.2.5%	upper_quantile_CI.97.5%
NANC	43709.92	43467.9153352475	43951.9246647525	41474.875	46162.1
NPOP1	43964.16	43685.3880395035	44242.9319604965	41014.225	46618.875
NPOP2	198109.14	197514.749193701	198703.530806299	192245.525	203978.8
TDIV	32709.94	32511.1999119921	32908.6800880079	31090	34645.65
TPROP	0.261925634	0.255687035518198	0.268164232481802	0.2062613875	0.31900208
MIG12	0.000014219842	0.0000139857668077708	0.0000144539171922292	0.0000119416925	0.0000163890675
MIG21	0.0000088216271	0.00000867791658695968	0.00000896533761304032	0.00000750060175	0.0000101348875
ISO	8577.99	8350.75228504509	8805.22771495491	6639.025	10778
MaxEstLhood	-102827.82736	-102945.407967959	-102710.246752041	-103865.944	-101673.559025
MaxObsLhood	-102762.08394	-102879.105311021	-102645.062568979	-103791.89655	-101614.952925
