NANC	NPOP1	NPOP2	TDIV	TPROP	MIG12	MIG21	ISO	MaxEstLhood	MaxObsLhood
37831	35709	351940	65635	0.0149437	2.79474e-05	3.29977e-05	981	-125295.779	-125220.858
36153	33183	363339	67312	0.0146181	3.21309e-05	3.16870e-05	984	-126788.451	-126702.063
37615	34167	354425	66081	0.0169153	3.03916e-05	3.21929e-05	1118	-126112.080	-126042.191
34999	34533	353305	76094	0.0109878	2.76397e-05	3.39394e-05	836	-127519.094	-127442.398
38012	30773	364659	65017	0.0189784	3.92183e-05	3.23800e-05	1234	-127174.679	-127097.250
39506	30665	356535	65007	0.0172831	4.00404e-05	3.04402e-05	1124	-127292.711	-127221.674
39685	34317	354151	71172	0.0161148	3.04920e-05	3.58018e-05	1147	-127021.048	-126926.948
37041	32575	350262	66797	0.0146843	3.19998e-05	3.11677e-05	981	-126126.573	-126043.178
30936	35922	353436	75620	0.0158880	2.71754e-05	3.36139e-05	1201	-126052.266	-125963.791
26935	40002	356320	86688	0.0140529	2.46342e-05	3.83118e-05	1218	-128286.266	-128215.832
35697	35556	353637	73477	0.0154239	2.66920e-05	3.51937e-05	1133	-126709.347	-126630.549
36952	33108	357701	66779	0.0145860	3.16619e-05	3.10244e-05	974	-126956.730	-126881.884
34804	31611	348831	68210	0.0159366	3.78259e-05	3.21441e-05	1087	-126108.857	-126045.788
36534	34340	355932	68387	0.0176938	3.25516e-05	3.42692e-05	1210	-127226.151	-127141.846
36117	39041	350797	73904	0.0155394	2.50210e-05	3.60022e-05	1148	-127696.517	-127623.839
39207	31365	356850	60135	0.0131286	3.50856e-05	2.84580e-05	789	-126735.783	-126652.659
40022	33717	359406	61920	0.0150180	3.19373e-05	3.01240e-05	930	-127245.708	-127168.585
40891	35902	352924	64912	0.0151197	2.72105e-05	3.14244e-05	981	-127750.701	-127672.639
37733	35051	351901	65360	0.0150337	2.93925e-05	3.15157e-05	983	-126343.298	-126270.990
37640	35284	363704	63755	0.0138676	2.81721e-05	3.08588e-05	884	-127081.994	-126993.237
36441	35931	351949	71159	0.0143810	2.74654e-05	3.31933e-05	1023	-127262.047	-127182.515
38879	35056	355456	67465	0.0151197	2.74694e-05	3.19603e-05	1020	-126864.279	-126784.215
37810	34747	353942	66464	0.0167863	3.26444e-05	3.26147e-05	1116	-127108.936	-127024.593
39780	36809	353824	62501	0.0178676	2.87735e-05	3.21824e-05	1117	-126848.143	-126768.128
31065	35051	352981	75481	0.0128653	2.84695e-05	3.39213e-05	971	-126426.099	-126341.308
36142	31906	355091	66617	0.0162887	3.34463e-05	3.12326e-05	1085	-126536.265	-126459.111
35728	32659	350434	66718	0.0131275	3.36797e-05	3.13506e-05	876	-126356.879	-126280.226
36408	33661	356727	71479	0.0109105	2.85230e-05	3.20552e-05	780	-127192.411	-127110.744
34494	36557	349772	69197	0.0163323	2.62298e-05	3.40657e-05	1130	-126362.338	-126275.623
41594	35481	352799	60294	0.0164886	2.74794e-05	2.94486e-05	994	-126361.266	-126264.578
38079	33496	358316	65351	0.0151197	3.20202e-05	3.24851e-05	988	-126476.374	-126394.285
40116	34704	356426	62741	0.0123488	2.99983e-05	3.08513e-05	775	-126554.092	-126472.946
35150	36078	357360	68390	0.0162987	2.78114e-05	3.28064e-05	1115	-126618.745	-126544.295
39001	33264	358345	64601	0.0147655	3.10242e-05	3.08379e-05	954	-126665.093	-126591.008
33847	37386	345543	76274	0.0098486	2.32230e-05	3.65021e-05	751	-124957.843	-124878.543
39124	37803	346028	65733	0.0135956	2.47564e-05	3.29634e-05	894	-126255.898	-126189.592
28041	33295	354147	82375	0.0157690	3.14898e-05	3.58624e-05	1299	-127031.905	-126955.373
38990	31752	357867	65637	0.0161068	3.58904e-05	3.24923e-05	1057	-126428.110	-126364.435
34928	35723	357821	71129	0.0123720	2.62907e-05	3.42548e-05	880	-126063.861	-125979.220
34543	35011	356673	71013	0.0183408	2.96959e-05	3.44113e-05	1302	-126382.540	-126304.266
28763	35616	355100	79173	0.0107790	2.71965e-05	3.30602e-05	853	-126764.769	-126685.247
38276	37051	349287	65570	0.0127727	2.54711e-05	3.06349e-05	838	-127023.215	-126923.995
37104	36818	358861	69461	0.0158526	2.73979e-05	3.33926e-05	1101	-127961.426	-127875.536
38954	34427	355138	64285	0.0161789	3.01613e-05	3.12284e-05	1040	-126476.592	-126404.254
42523	35656	359574	62612	0.0125995	2.58857e-05	3.12811e-05	789	-127932.863	-127848.571
31040	38794	352509	83396	0.0089983	2.31818e-05	3.55009e-05	750	-128066.038	-127994.480
35411	39157	348529	77557	0.0155307	2.48527e-05	3.60793e-05	1205	-127399.096	-127328.019
36174	34675	344871	70853	0.0147707	2.90499e-05	3.30611e-05	1047	-126843.226	-126776.030
39442	35058	354972	66187	0.0195599	2.99755e-05	3.29648e-05	1295	-127324.741	-127240.275
38621	35381	351937	66380	0.0140148	2.92471e-05	3.24971e-05	930	-126569.817	-126490.913
37935	34899	359698	67992	0.0172241	3.12290e-05	3.36183e-05	1171	-129075.821	-129001.143
37308	39073	354418	73284	0.0168923	2.30075e-05	3.67980e-05	1238	-126569.051	-126486.821
33801	35046	346390	74274	0.0167343	2.85853e-05	3.50387e-05	1243	-126243.866	-126164.935
40991	34477	356738	64995	0.0129097	2.84574e-05	3.05784e-05	839	-127614.315	-127539.684
37938	36080	345880	70786	0.0108764	2.58302e-05	3.42092e-05	770	-127034.634	-126954.203
39734	33560	357586	64912	0.0151197	3.03900e-05	3.10146e-05	981	-127377.956	-127294.310
33130	36281	357239	76468	0.0132155	2.62023e-05	3.41847e-05	1011	-127671.013	-127577.070
40533	33713	357871	63947	0.0111098	3.13806e-05	2.98567e-05	710	-127612.187	-127528.548
33957	34131	354505	74577	0.0125683	2.90955e-05	3.35287e-05	937	-127174.952	-127095.053
35815	34973	352234	68632	0.0134990	2.94759e-05	3.08595e-05	926	-127360.870	-127273.668
41093	35943	356661	65812	0.0119903	2.72596e-05	3.26359e-05	789	-127355.535	-127272.881
35639	33769	359049	72967	0.0180613	3.29065e-05	3.85807e-05	1318	-126029.525	-125940.890
34076	33088	359870	69991	0.0106330	2.96623e-05	3.01947e-05	744	-127011.033	-126939.241
37976	37642	346178	70151	0.0153660	2.59931e-05	3.51366e-05	1078	-126523.810	-126442.180
31831	35001	357463	71851	0.0144795	3.03236e-05	3.23732e-05	1040	-127798.691	-127714.106
36269	33737	360522	68267	0.0111943	3.03170e-05	3.22289e-05	764	-126596.907	-126522.798
37965	31906	356682	65788	0.0151197	3.34463e-05	3.10932e-05	995	-126658.003	-126583.250
41309	34303	348951	62458	0.0141902	3.17641e-05	3.01056e-05	886	-126511.472	-126441.563
37845	37374	354377	68126	0.0132160	2.35144e-05	3.21355e-05	900	-127102.942	-127015.707
36260	35450	350200	71799	0.0152782	2.70240e-05	3.31386e-05	1097	-127677.499	-127586.964
40504	33949	363474	65961	0.0163715	3.23541e-05	3.32064e-05	1080	-127789.893	-127708.906
39251	33059	356171	64750	0.0120128	3.02779e-05	3.07604e-05	778	-125864.350	-125796.438
34723	35839	351664	71683	0.0156494	2.80204e-05	3.32237e-05	1122	-126120.255	-126041.218
37006	32087	357291	69581	0.0136124	3.33382e-05	3.32187e-05	947	-126635.581	-126564.587
34343	35084	353657	71265	0.0157670	3.01328e-05	3.45775e-05	1124	-126020.596	-125942.666
34936	32101	355921	68620	0.0130159	3.22364e-05	3.30252e-05	893	-125473.001	-125401.743
39166	33944	351937	64912	0.0151197	3.14381e-05	3.15125e-05	981	-126585.304	-126513.119
36502	35284	346927	70425	0.0155967	3.00445e-05	3.34841e-05	1098	-127545.149	-127462.276
35607	33740	356437	75594	0.0177108	3.05670e-05	3.63582e-05	1339	-126148.039	-126073.618
33031	34287	355192	72664	0.0113517	3.04185e-05	3.28741e-05	825	-125865.115	-125785.378
33693	33588	351418	77906	0.0141294	3.32101e-05	3.46977e-05	1101	-127712.816	-127618.215
36872	35291	350021	67464	0.0151197	3.02380e-05	3.09317e-05	1020	-126929.027	-126848.715
39714	33904	349990	61993	0.0127877	2.90060e-05	2.88783e-05	793	-125754.080	-125680.403
36071	34589	350893	72700	0.0122699	2.67297e-05	3.46748e-05	892	-125268.896	-125202.251
37464	35400	366022	71494	0.0154763	2.74213e-05	3.42869e-05	1106	-127882.272	-127809.799
33581	35344	357212	72223	0.0146231	2.89751e-05	3.23985e-05	1056	-127549.655	-127465.258
37742	35754	353349	64912	0.0164351	2.81709e-05	3.03436e-05	1067	-127458.107	-127382.323
40609	34391	352919	67573	0.0141770	2.96350e-05	3.24099e-05	958	-127491.875	-127401.192
37208	35309	356282	64912	0.0141825	3.02230e-05	3.26706e-05	921	-126137.293	-126066.765
27541	35549	350310	85660	0.0122692	2.75231e-05	3.47360e-05	1051	-127368.653	-127284.618
39160	34696	352796	64642	0.0159027	3.08830e-05	3.14822e-05	1028	-126903.630	-126828.860
37772	34517	357397	70549	0.0110174	2.80547e-05	3.27591e-05	777	-126953.991	-126872.559
41725	37594	358883	72008	0.0173077	2.41931e-05	3.56025e-05	1246	-127902.755	-127835.403
32246	33160	353312	75853	0.0133806	3.33908e-05	3.32597e-05	1015	-128104.350	-128021.786
37356	33578	354182	66289	0.0160981	3.31990e-05	3.31695e-05	1067	-126116.029	-126042.668
35929	33376	342523	65601	0.0154033	3.40403e-05	3.08709e-05	1010	-125350.775	-125277.184
39162	35885	351960	69667	0.0158373	2.78032e-05	3.46655e-05	1103	-127274.337	-127195.338
39282	34737	351496	62574	0.0092115	2.76391e-05	2.92777e-05	576	-126606.903	-126533.986
40995	40490	353310	66715	0.0163008	2.33232e-05	3.28891e-05	1088	-128105.713	-128012.569
38672	35636	355942	70830	0.0128913	2.75259e-05	3.56130e-05	913	-126868.576	-126777.817
