Parameter	mean	lower_CI	upper_CI	lower_quantile_CI.2.5%	upper_quantile_CI.97.5%
NANC	43123.31	42883.3935522901	43363.2264477099	40979.5	45398
NPOP1	46470.28	46171.7565669959	46768.8034330041	43372.325	49349
NPOP2	195796.91	195251.703150255	196342.116849745	190216.325	201151.975
TDIV	32349.53	32155.9180017735	32543.1419982265	30858.175	34716.675
TPROP	0.276674486	0.269461898610424	0.283887073389576	0.2321715625	0.368012175
MIG12	0.000014180689	0.0000139231242831017	0.0000144382537168983	0.0000117697775	0.0000166787075
MIG21	0.0000098162584	0.00000968548053881654	0.00000994703626118346	0.000008493533	0.0000111082075
ISO	8963.25	8702.11991117373	9224.38008882627	7350.175	12384.875
MaxEstLhood	-103349.01579	-103460.760304807	-103237.271275193	-104464.96985	-102362.5627
MaxObsLhood	-103290.43547	-103401.687718106	-103179.183221894	-104408.20995	-102311.990975
