Parameter	mean	lower_CI	upper_CI	lower_quantile_CI.2.5%	upper_quantile_CI.97.5%
NANC	45057.67	44826.5818746947	45288.7581253053	43045.625	47652.4
NPOP1	74297.65	73200.0285055864	75395.2714944136	63400.075	84450.85
NPOP2	315085.37	313642.126131151	316528.613868849	300425.225	329443.45
TDIV	42304.06	42147.8211238812	42460.2988761188	40814	43660.3
TPROP	0.00099983159	0.000852820646283635	0.00114684253371637	0.000171435	0.0027890475
MIG12	0.00017674186	0.000172785508033065	0.000180698211966935	0.000146410725	0.0002170646
MIG21	0.000059879969	0.0000592308365452964	0.0000605291014547036	0.00005221521	0.0000655361525
ISO	42.23	36.0210499372379	48.4389500627621	7	116.775
MaxEstLhood	-141596.54412	-141731.821732803	-141461.266507197	-142794.873625	-140237.34015
MaxObsLhood	-141514.94257	-141650.075795378	-141379.809344622	-142718.59385	-140151.30535
