NANC	NPOP1	NPOP2	TDIV	TPROP	MIG12	MIG21	ISO	MaxEstLhood	MaxObsLhood
44329	155702	157780	32962	0.1066242	7.42704e-05	4.41125e-05	3515	-121555.744	-121488.176
44135	150981	157513	33480	0.1069197	7.36704e-05	4.69994e-05	3580	-121260.977	-121181.624
43514	153396	153116	34139	0.1053701	7.33498e-05	4.56356e-05	3597	-121588.457	-121506.989
44303	150982	154636	32693	0.1045322	7.78700e-05	4.95106e-05	3417	-121409.468	-121331.089
43707	158430	155683	33592	0.1130438	7.04193e-05	4.52613e-05	3797	-122966.200	-122886.312
43299	153919	154090	33373	0.1026466	7.35423e-05	4.86564e-05	3426	-121432.485	-121367.104
43061	147455	159601	33056	0.1253588	6.67881e-05	4.06929e-05	4144	-121684.785	-121603.465
43011	149238	156439	32720	0.1165867	7.09681e-05	4.26817e-05	3815	-120794.801	-120743.989
41995	155020	156483	34081	0.1149157	6.96588e-05	4.34496e-05	3916	-121236.477	-121166.596
46060	163991	157837	32633	0.1100913	7.05437e-05	4.51527e-05	3593	-122201.124	-122117.372
42774	157426	157341	32690	0.0998934	7.58870e-05	4.99696e-05	3265	-121282.459	-121210.021
42418	156239	157802	33747	0.1180553	6.84040e-05	4.28453e-05	3984	-122427.240	-122346.822
44155	158891	159135	32780	0.1045322	7.22102e-05	4.81110e-05	3427	-122372.830	-122306.861
43610	161361	153081	33301	0.0931048	8.47765e-05	5.42176e-05	3100	-121765.150	-121686.155
44150	157406	157918	32239	0.1054921	7.40949e-05	5.17454e-05	3401	-120754.389	-120695.335
43353	152659	156612	32846	0.1103845	7.45692e-05	4.61912e-05	3626	-121326.995	-121251.076
44864	156345	156342	33424	0.1193522	6.81508e-05	4.07484e-05	3989	-122578.615	-122499.560
45115	162102	155629	32938	0.1056115	7.75104e-05	4.65271e-05	3479	-121945.212	-121863.645
46108	168348	150924	31661	0.1011309	7.16280e-05	5.53362e-05	3202	-121732.362	-121672.102
43173	158058	159563	32548	0.1122651	7.16091e-05	4.41594e-05	3654	-121389.703	-121311.534
43964	159721	155630	32152	0.1200111	6.46936e-05	4.69667e-05	3859	-121355.581	-121288.585
43608	161551	156062	32175	0.1068079	7.79178e-05	5.05091e-05	3437	-121345.763	-121270.351
42978	155947	155621	33190	0.1159824	7.09172e-05	4.45264e-05	3849	-122187.068	-122105.287
43326	153681	154904	32800	0.1032877	7.37829e-05	5.14572e-05	3388	-121783.222	-121700.297
44990	153336	162130	32672	0.1142699	7.32490e-05	4.18766e-05	3733	-122837.313	-122749.339
45926	161322	155756	32667	0.1190475	6.71008e-05	4.56128e-05	3889	-122360.914	-122274.107
44509	161982	154309	31467	0.1045030	7.35377e-05	5.19568e-05	3288	-121159.528	-121096.480
44815	152830	161531	32645	0.1057196	7.25464e-05	4.81704e-05	3451	-122622.363	-122542.761
44803	161188	157405	32961	0.1067922	7.42036e-05	4.66052e-05	3520	-121725.138	-121656.281
42756	162217	151123	33235	0.1177445	6.50718e-05	4.61749e-05	3913	-121932.343	-121855.122
42277	157182	154258	34339	0.1127183	6.43552e-05	4.89564e-05	3871	-122780.075	-122708.162
45487	155544	158473	32730	0.1164467	6.84107e-05	4.60684e-05	3811	-122061.832	-121998.299
43150	166982	157529	33555	0.1201958	6.53274e-05	4.52708e-05	4033	-123144.649	-123065.156
43441	156634	158066	33338	0.1191207	7.08299e-05	4.17329e-05	3971	-121930.805	-121865.826
43410	162431	153200	33416	0.1283663	6.08327e-05	4.34618e-05	4290	-121478.355	-121409.311
43054	160369	151551	33115	0.1138605	6.92798e-05	4.63509e-05	3771	-121621.075	-121547.699
43265	157152	153105	33353	0.1069355	7.48126e-05	5.00057e-05	3567	-120943.023	-120871.737
42055	155781	156965	33817	0.1112909	7.33996e-05	4.57441e-05	3763	-121732.162	-121655.757
44192	150433	155645	32438	0.1250632	6.65458e-05	4.21579e-05	4057	-121195.347	-121112.632
44038	159684	158389	33527	0.1123728	7.06548e-05	4.45096e-05	3767	-122433.012	-122363.251
42145	153791	155946	33985	0.1042220	7.32622e-05	4.66251e-05	3542	-122473.278	-122393.480
42224	161375	154996	33615	0.1014374	6.95742e-05	5.07364e-05	3410	-121290.407	-121225.450
43832	165598	155822	31914	0.1177654	6.71011e-05	4.71073e-05	3758	-121162.880	-121084.883
45470	151903	158178	32450	0.1101301	7.58996e-05	4.48007e-05	3574	-121379.049	-121297.608
43752	155074	160285	33689	0.1030620	7.30934e-05	4.74013e-05	3472	-122733.044	-122655.571
44322	160181	159862	32071	0.1153425	6.89538e-05	4.53097e-05	3699	-121164.299	-121096.986
43875	150410	160781	31727	0.1148287	7.07161e-05	4.47995e-05	3643	-120188.689	-120120.141
43885	153958	158495	32857	0.1144669	6.97514e-05	4.74030e-05	3761	-121739.481	-121655.399
44438	160298	156372	32493	0.1041729	7.25186e-05	4.91811e-05	3385	-122232.868	-122166.957
41104	150808	159851	34159	0.1298771	6.13221e-05	4.04584e-05	4436	-121109.847	-121039.405
43581	156781	158047	32677	0.0918043	7.96127e-05	4.99253e-05	3000	-121733.289	-121651.424
45021	157445	159383	32739	0.1069197	7.48239e-05	4.70681e-05	3500	-121953.351	-121882.331
43511	149444	158320	32582	0.1342816	6.36231e-05	3.94953e-05	4375	-121324.873	-121245.332
41888	165493	150985	33252	0.1188362	6.33347e-05	4.80230e-05	3952	-121142.660	-121080.253
42323	154595	157510	32981	0.1056097	7.37776e-05	4.92503e-05	3483	-121511.226	-121440.100
43671	152910	161550	33561	0.1141040	7.23325e-05	4.18148e-05	3829	-122355.830	-122285.941
43906	160021	158075	32950	0.1248451	6.30616e-05	4.20511e-05	4114	-122161.619	-122090.404
44385	159128	152970	33543	0.1282504	6.29905e-05	4.21242e-05	4302	-121908.802	-121827.936
43962	162888	148883	32922	0.1058151	7.09354e-05	5.23027e-05	3484	-121695.661	-121614.134
44507	153093	160548	32912	0.1210650	6.98972e-05	4.35364e-05	3985	-122535.608	-122456.398
43908	152715	155713	31404	0.1086291	7.36072e-05	4.81334e-05	3411	-119592.843	-119528.931
44293	162094	154459	32265	0.1078932	7.40740e-05	4.69225e-05	3481	-121299.277	-121248.605
44391	157869	160068	32194	0.0987062	7.89253e-05	5.13173e-05	3178	-121656.831	-121589.272
43698	154004	153105	32094	0.1045322	7.45017e-05	5.00057e-05	3355	-120504.673	-120442.026
44127	156010	156928	32094	0.1123837	7.00581e-05	4.68507e-05	3607	-120578.379	-120512.192
44976	152933	155685	33627	0.1116373	7.34579e-05	4.65402e-05	3754	-122572.523	-122505.319
42634	157677	160055	33452	0.1094724	6.85842e-05	4.74163e-05	3662	-122140.808	-122063.419
42988	151483	158609	33899	0.1106728	6.90341e-05	4.61751e-05	3752	-122247.893	-122159.055
43459	166384	152821	32106	0.1000877	7.17117e-05	5.41338e-05	3213	-121881.547	-121791.429
42294	152956	152524	32689	0.1085632	7.22350e-05	5.02956e-05	3549	-120711.566	-120642.976
44558	156054	153892	33323	0.1228664	6.81785e-05	4.05688e-05	4094	-122216.522	-122132.002
43756	157739	159498	32566	0.1245066	6.29321e-05	4.25725e-05	4055	-121120.007	-121042.880
42533	149570	151879	35124	0.1179555	6.73000e-05	4.44391e-05	4143	-121847.317	-121758.189
44712	156668	158988	31696	0.1237186	6.48118e-05	4.45536e-05	3921	-121148.642	-121087.618
44257	160860	154358	32963	0.1212072	6.39076e-05	4.41920e-05	3995	-121774.664	-121705.201
43274	154757	158551	32913	0.1186410	6.81041e-05	4.40370e-05	3905	-121341.761	-121261.716
44176	161686	156058	33252	0.1112672	6.66754e-05	4.60652e-05	3700	-122993.428	-122902.452
44931	162526	153019	32751	0.1181463	6.72963e-05	4.62582e-05	3869	-121943.292	-121875.556
44355	158617	155960	32447	0.1053847	6.93798e-05	5.03164e-05	3419	-121711.969	-121641.629
43701	153633	159239	33970	0.1113861	6.71716e-05	4.75045e-05	3784	-122996.644	-122913.361
42960	157219	158128	33371	0.1106235	7.08463e-05	4.47516e-05	3692	-121482.167	-121416.079
44970	154585	158752	33558	0.1019960	7.77323e-05	4.58992e-05	3423	-123399.783	-123330.206
43803	162492	155101	31574	0.1194550	6.43766e-05	4.75486e-05	3772	-121283.297	-121199.670
44191	155949	157168	33474	0.1045322	7.35726e-05	4.87131e-05	3499	-122589.878	-122515.752
46111	157034	159584	31952	0.1377950	6.05708e-05	4.09127e-05	4403	-122421.863	-122348.238
43401	157458	156123	32402	0.1321245	5.98330e-05	4.56396e-05	4281	-121899.888	-121827.057
43826	161854	152289	32251	0.1149351	6.44398e-05	4.98821e-05	3707	-120894.720	-120830.344
43654	160962	157736	33652	0.1117515	7.01977e-05	4.81245e-05	3761	-122528.968	-122462.724
41828	151792	155648	34475	0.1298222	6.12499e-05	4.10497e-05	4476	-121704.573	-121635.338
44677	155193	156057	33070	0.1122844	7.04807e-05	4.81571e-05	3713	-122135.108	-122058.739
45107	165342	157792	31333	0.1115288	6.90963e-05	4.68779e-05	3495	-122230.196	-122146.068
42078	154772	155038	34273	0.1238998	6.17197e-05	4.47776e-05	4246	-121761.429	-121687.613
44050	157891	151995	32899	0.1147417	6.86096e-05	4.57472e-05	3775	-120774.226	-120718.962
42684	160794	158225	32499	0.1117486	6.72835e-05	5.04595e-05	3632	-121309.118	-121238.802
43081	157316	160031	33123	0.1086879	7.20824e-05	4.70022e-05	3600	-122138.287	-122064.576
44178	160843	153105	32779	0.1141163	6.81561e-05	4.80464e-05	3741	-122248.690	-122168.299
43946	160478	155030	31983	0.1055469	7.64316e-05	5.11731e-05	3376	-121537.138	-121449.221
41851	161012	153090	33302	0.1105335	6.95246e-05	4.76473e-05	3681	-121003.062	-120935.137
42832	157762	154636	33246	0.1045322	7.27268e-05	4.95106e-05	3475	-121458.093	-121395.749
43197	160922	152114	32774	0.1125488	6.60408e-05	4.78774e-05	3689	-121029.704	-120965.039
