Parameter	mean	lower_CI	upper_CI	lower_quantile_CI.2.5%	upper_quantile_CI.97.5%
NANC	43744.26	43544.3626013432	43944.1573986568	41868.575	45996.35
NPOP1	157370.15	156509.675187032	158230.624812968	149503.85	166010.65
NPOP2	156350.87	155808.110515029	156893.629484971	151050.55	161174.75
TDIV	32943.93	32801.6767439448	33086.1832560552	31517.825	34307.65
TPROP	0.11264145	0.110936633991689	0.114346266008311	0.09927012	0.131056985
MIG12	0.000070108895	0.0000691860966536151	0.0000710316933463849	0.00006103087	0.0000784467375
MIG21	0.000046576275	0.0000459304995895708	0.0000472220504104293	0.0000406277475	0.0000532640275
ISO	3711.43	3651.66979063554	3771.19020936446	3189.4	4389.7
MaxEstLhood	-121742.42576	-121874.100614742	-121610.750905258	-122995.1164	-120539.68335
MaxObsLhood	-121668.79841	-121799.73326541	-121537.86355459	-122908.179225	-120475.35485
