NANC	NPOP1	NPOP2	TDIV	TPROP	MIG12	MIG21	ISO	MaxEstLhood	MaxObsLhood
44450	74965	315871	42007	0.0036625	1.98715e-04	5.91153e-05	154	-141953.192	-141877.379
44281	68998	316874	42225	0.0010651	1.96657e-04	5.45449e-05	45	-140578.266	-140503.425
42991	77159	309994	43654	0.0013346	1.76255e-04	6.07404e-05	58	-141924.181	-141847.392
45534	77560	304939	42046	4.57697e-04	1.68190e-04	6.13558e-05	19	-141239.234	-141160.199
43480	74140	313029	42761	3.57073e-04	1.61613e-04	6.35779e-05	15	-140621.942	-140549.000
47660	77401	319054	40795	5.49870e-04	1.68434e-04	6.04604e-05	22	-142015.700	-141921.206
45654	72863	316400	42177	0.0020714	1.85312e-04	5.20311e-05	87	-141789.324	-141694.711
44482	72830	307779	42590	4.40447e-04	1.85842e-04	6.09084e-05	19	-140842.085	-140761.099
45981	63766	321364	42103	0.0011779	2.06373e-04	5.69798e-05	50	-141864.689	-141781.943
45590	82887	316379	41917	0.0012020	1.59274e-04	6.29047e-05	50	-141852.073	-141771.491
46445	64451	321449	41434	4.51213e-04	2.12766e-04	5.80628e-05	19	-142065.746	-141986.878
45084	64613	335143	41971	0.0012345	2.07687e-04	5.24187e-05	52	-141733.846	-141650.611
44724	71039	313407	41746	0.0029296	1.98305e-04	5.88504e-05	122	-141143.764	-141056.952
45472	74691	318662	41967	4.10831e-04	1.70906e-04	6.07989e-05	17	-140993.343	-140908.814
44262	79757	304800	42980	0.0014522	1.60749e-04	6.31524e-05	62	-141386.941	-141311.899
44328	78112	311186	43192	4.49087e-04	1.65522e-04	6.21020e-05	19	-141740.436	-141658.975
43106	82706	300059	43324	0.0018509	1.55731e-04	6.32199e-05	80	-140639.736	-140561.653
45715	73017	321494	42725	4.15913e-04	1.69306e-04	5.96023e-05	18	-141379.280	-141294.467
44548	75524	310580	43666	3.00506e-04	1.68767e-04	6.19346e-05	13	-141914.401	-141827.582
44400	84486	310629	43184	8.03559e-04	1.52061e-04	5.92033e-05	35	-143250.258	-143159.092
44398	71740	317316	43013	5.79107e-04	1.69864e-04	5.79951e-05	25	-141324.060	-141239.686
45505	72915	312150	42275	0.0014662	1.88170e-04	5.69415e-05	62	-141356.430	-141268.822
43850	72436	321394	42069	8.28506e-04	1.79757e-04	5.83282e-05	35	-141337.602	-141263.156
45157	62848	329965	40891	6.80496e-04	2.17361e-04	5.34409e-05	28	-140431.455	-140341.884
46942	70637	325277	41267	0.0012935	1.92577e-04	5.81037e-05	53	-142546.223	-142457.737
44942	72237	316503	42340	8.50295e-04	1.80613e-04	6.02953e-05	36	-141701.425	-141635.823
45127	74678	319636	42313	8.71967e-04	1.76158e-04	5.64532e-05	37	-142047.768	-141966.061
43875	80626	312245	41544	5.98765e-04	1.48114e-04	6.18596e-05	25	-140772.046	-140696.656
46078	65327	332409	41931	1.72628e-04	2.00837e-04	5.35745e-05	7	-142276.730	-142200.863
44773	72271	318206	43305	0.0016318	1.82228e-04	5.88136e-05	71	-142459.202	-142371.294
46429	70652	323358	40901	2.67707e-04	1.88077e-04	4.79778e-05	11	-142023.559	-141953.039
45682	71320	318614	41106	7.16605e-04	1.86132e-04	5.99349e-05	29	-141713.656	-141629.751
43663	78312	306784	43322	0.0015033	1.60835e-04	6.29515e-05	65	-140866.641	-140778.722
45506	84412	306877	41956	7.43343e-04	1.51040e-04	6.29589e-05	31	-141373.867	-141294.028
47781	82418	303405	41372	0.0012323	1.55614e-04	6.14428e-05	51	-142770.693	-142686.247
46519	67685	321039	41071	3.92469e-04	1.96512e-04	6.02735e-05	16	-140840.503	-140769.141
44520	83201	293717	41902	0.0024333	1.51940e-04	6.60036e-05	102	-139818.660	-139735.196
45218	79527	316720	42174	0.0019772	1.76659e-04	6.01934e-05	83	-142521.261	-142439.964
42180	72745	313405	43103	0.0019284	1.81250e-04	6.01262e-05	83	-140496.221	-140413.121
43384	78765	311748	43523	3.41570e-04	1.48356e-04	6.38392e-05	15	-141000.057	-140929.559
45892	67400	328867	41234	8.14855e-04	2.01287e-04	5.35979e-05	34	-141229.798	-141147.410
45576	69576	319448	40360	0.0020675	2.18645e-04	5.77767e-05	83	-141178.243	-141107.270
46231	87024	300830	41902	3.53207e-04	1.42886e-04	6.61560e-05	15	-141420.427	-141337.154
45922	74830	312126	41543	0.0017276	1.79266e-04	6.00131e-05	72	-141444.803	-141377.513
44696	68620	319838	42608	2.35033e-04	1.91691e-04	5.69987e-05	10	-141571.229	-141496.096
44395	70271	322806	42231	6.14556e-04	1.93277e-04	5.79879e-05	26	-141103.269	-141026.589
46544	77522	314364	41566	8.29109e-04	1.61290e-04	6.02904e-05	34	-142430.007	-142353.418
44250	79160	304428	41831	2.43481e-04	1.63673e-04	6.34480e-05	10	-140237.946	-140162.092
46984	82724	311859	42952	0.0015473	1.51986e-04	6.09053e-05	66	-142465.836	-142375.836
45853	62498	315096	42332	0.0032427	2.32116e-04	5.31210e-05	137	-141179.899	-141100.983
45982	75943	316254	42350	0.0016647	1.76582e-04	6.13003e-05	70	-141796.506	-141702.715
46184	79675	313239	41271	3.85961e-04	1.60409e-04	6.16727e-05	16	-141862.650	-141790.703
45776	72068	306055	43505	0.0020699	1.78307e-04	6.14707e-05	90	-142367.582	-142276.829
43888	72745	317767	41855	3.45285e-04	1.78608e-04	6.10710e-05	14	-140782.889	-140697.480
45871	76324	305026	42402	4.47417e-04	1.58078e-04	6.01743e-05	19	-141575.652	-141503.021
45430	68463	314412	42161	0.0026337	2.03560e-04	5.69845e-05	111	-141206.930	-141129.569
47644	71480	318283	40208	0.0015338	1.85305e-04	6.06218e-05	62	-141135.042	-141056.750
44664	78630	311158	43177	3.32510e-04	1.52816e-04	6.20756e-05	14	-141270.377	-141194.509
47094	84684	298463	42661	4.61929e-04	1.46035e-04	6.66807e-05	20	-142801.260	-142719.978
45441	77153	311760	42457	5.18000e-04	1.52033e-04	6.22026e-05	22	-141319.861	-141244.623
43511	82939	306089	42003	1.71435e-04	1.44468e-04	6.50195e-05	7	-140633.342	-140546.040
43323	80336	309150	42230	2.07142e-04	1.49111e-04	6.06560e-05	9	-140236.792	-140141.546
45693	71668	319033	43215	2.84799e-04	1.79129e-04	6.08203e-05	12	-142682.776	-142599.238
44095	70056	319951	42496	6.40528e-04	1.80085e-04	5.85542e-05	27	-142352.908	-142267.789
44147	71046	317261	42770	7.75982e-04	1.87885e-04	6.08815e-05	33	-140980.226	-140906.524
46664	68614	324787	40909	6.82629e-04	1.92757e-04	5.33221e-05	28	-141699.816	-141617.115
45335	74114	318581	41902	2.39210e-04	1.61670e-04	6.24700e-05	10	-141709.755	-141617.255
45270	79454	315131	43731	2.44039e-04	1.55086e-04	6.11363e-05	11	-141880.944	-141805.266
44825	79605	311987	42069	1.31699e-04	1.46826e-04	6.12809e-05	6	-141303.253	-141225.832
46771	75468	323280	40835	1.60720e-04	1.72015e-04	5.95599e-05	7	-142555.128	-142467.764
43596	71387	318289	42930	0.0018423	1.85527e-04	6.06850e-05	79	-141463.021	-141369.473
42807	68615	311954	42430	0.0017069	1.96212e-04	6.17041e-05	72	-139832.506	-139750.167
43195	75246	312838	44180	6.47056e-04	1.70485e-04	6.04516e-05	29	-141736.926	-141648.634
44882	64461	326670	42856	0.0011746	2.12376e-04	5.79689e-05	50	-141775.854	-141702.428
44093	71429	311616	42247	0.0012232	1.93216e-04	5.93427e-05	52	-141112.102	-141021.743
46669	64430	319289	42089	0.0016436	2.13551e-04	5.74309e-05	69	-142832.539	-142749.060
45038	79125	311574	43209	0.0019695	1.67339e-04	6.08213e-05	85	-142105.859	-142035.577
43376	65387	327272	42372	0.0021988	2.16737e-04	5.69842e-05	93	-140506.651	-140417.345
44927	76907	306615	42371	5.07426e-04	1.70453e-04	6.02902e-05	22	-141929.023	-141857.141
47910	75724	310813	41520	0.0011929	1.70851e-04	6.06503e-05	50	-141308.787	-141228.323
45516	66871	322647	41663	7.47365e-04	2.09030e-04	5.11656e-05	31	-141717.105	-141628.221
45954	77583	313126	41796	6.04510e-04	1.65132e-04	5.80101e-05	25	-141423.401	-141336.034
45330	68359	326727	42639	3.11201e-04	1.92670e-04	5.90827e-05	13	-142787.815	-142717.064
43861	74724	325639	42693	0.0015190	1.72560e-04	5.79143e-05	65	-142082.449	-142001.909
45491	74575	313793	41511	0.0018124	1.76251e-04	5.97236e-05	75	-141222.705	-141149.751
44662	82972	307151	42305	7.83197e-04	1.55696e-04	6.47947e-05	33	-141545.804	-141469.545
43735	63069	320392	43450	0.0019152	2.15890e-04	6.02076e-05	83	-141590.558	-141504.172
44257	76038	314254	42568	0.0010232	1.68543e-04	6.05384e-05	44	-142122.059	-142019.046
43873	71792	326703	42207	2.19595e-04	1.72382e-04	5.72302e-05	9	-142151.512	-142068.673
44075	78507	309338	43334	1.71435e-04	1.52623e-04	6.43366e-05	7	-141970.569	-141891.933
44908	78155	317354	42798	0.0016900	1.77780e-04	6.27114e-05	72	-142519.232	-142423.846
44154	75107	317518	43253	4.68678e-04	1.65685e-04	6.26790e-05	20	-141882.191	-141800.925
44832	72721	320595	42331	7.86317e-04	1.78683e-04	5.98058e-05	33	-142348.133	-142268.299
45206	74579	314941	41802	5.82514e-04	1.72641e-04	6.14678e-05	24	-142529.989	-142451.188
45471	72829	310026	42168	3.73383e-04	1.77391e-04	5.89791e-05	16	-141934.557	-141842.743
43386	77504	312373	43284	0.0013198	1.64086e-04	6.13800e-05	57	-141119.770	-141039.645
44727	70835	310486	42787	5.97957e-04	1.87503e-04	6.14351e-05	26	-141083.339	-140999.761
44287	81167	310690	43582	2.39210e-04	1.47622e-04	6.40566e-05	10	-141932.946	-141849.132
45652	77929	309150	43106	1.71435e-04	1.53756e-04	6.43757e-05	7	-141663.992	-141576.549
46230	75931	311515	42317	0.0018074	1.74074e-04	6.00521e-05	76	-142401.376	-142325.505
