	d0_0	d0_1	d0_2	d0_3	d0_4	d0_5	d0_6	d0_7	d0_8	d0_9	d0_10	d0_11	d0_12	d0_13	d0_14	d0_15	d0_16
d1_0	0	0.0549735	0.0210691	0.0102887	0.00539451	0.00299926	0.00171569	0.000977894	0.000528616	0.00028398	0.000165793	8.32254e-05	3.24182e-05	1.57579e-05	6.08653e-06	8.44742e-07	1.07887e-06
d1_1	0.331101	0.0187658	0.00983791	0.00603586	0.00380681	0.00252968	0.00166829	0.00105806	0.000721542	0.000463581	0.000268093	0.000166027	0.000102965	4.4625e-05	1.7056e-05	6.41703e-06	1.62804e-06
d1_2	0.12017	0.0127926	0.00704776	0.00451459	0.00309906	0.00215491	0.0016307	0.00108406	0.000709157	0.000488718	0.000329563	0.000196383	0.000122815	6.4053e-05	3.04153e-05	1.87472e-05	1.68519e-06
d1_3	0.0584874	0.00925875	0.00541677	0.00359595	0.00265041	0.00198202	0.00142893	0.00107089	0.000737923	0.000552613	0.000390772	0.000229931	0.000155101	7.94348e-05	3.70676e-05	2.00773e-05	6.1373e-06
d1_4	0.0322185	0.0070975	0.0042837	0.00298391	0.00227792	0.00170901	0.00125906	0.00104854	0.000734871	0.000562372	0.00035153	0.000280125	0.000157762	9.93067e-05	5.18395e-05	2.44229e-05	6.4441e-06
d1_5	0.0189664	0.00537904	0.00355018	0.00253667	0.00196471	0.00154934	0.00118481	0.000976324	0.0007479	0.000577926	0.000418487	0.00028703	0.000214201	0.000124335	6.22074e-05	3.37877e-05	1.65988e-05
d1_6	0.0123379	0.00416153	0.00295465	0.00223809	0.00176299	0.00154837	0.00114626	0.000926724	0.000728312	0.000524513	0.000398495	0.000304952	0.000217494	0.000138333	7.78786e-05	4.03585e-05	2.35669e-05
d1_7	0.0078099	0.00331936	0.00237565	0.00189142	0.0016617	0.00133891	0.00110246	0.00086324	0.000784894	0.000585375	0.000469041	0.000327626	0.000245716	0.000157479	0.000130355	4.62432e-05	3.07144e-05
d1_8	0.00540098	0.00276594	0.00197577	0.0017516	0.00139831	0.00126643	0.00100437	0.000920861	0.000714406	0.000611733	0.000488917	0.000395017	0.000258702	0.0001833	0.000110352	6.73502e-05	3.20971e-05
d1_9	0.00377741	0.00211859	0.00176093	0.00152284	0.00129334	0.00116534	0.00100269	0.000810096	0.000725655	0.000603194	0.000493427	0.000427235	0.00029458	0.000227241	0.000163255	9.31056e-05	4.61042e-05
d1_10	0.00276503	0.00185571	0.00153989	0.00137673	0.00124631	0.00109916	0.000987514	0.000834708	0.000767443	0.00062762	0.000505024	0.000388489	0.000300308	0.00025552	0.000170356	9.5029e-05	2.61169e-05
d1_11	0.0020237	0.00144169	0.00134691	0.0012066	0.00113924	0.00104643	0.000927968	0.000819849	0.000722477	0.000670068	0.000609876	0.000483816	0.000349568	0.000295529	0.000169666	6.81178e-05	0
d1_12	0.00149383	0.00122435	0.00117952	0.00119128	0.00111053	0.000970483	0.000961787	0.000923481	0.000718363	0.00070872	0.000561191	0.000483741	0.000427965	0.000323296	0.000106751	0	0
d1_13	0.00115508	0.000999889	0.00103554	0.00109106	0.000974826	0.000962628	0.000933949	0.000817641	0.000816588	0.000738142	0.000580322	0.000512395	0.000445421	0.00017372	0	0	0
d1_14	0.000891068	0.000840188	0.000870155	0.000893018	0.000974624	0.000870518	0.000901812	0.000764238	0.000767504	0.000697752	0.000608536	0.000574506	0.000243188	0	0	0	0
d1_15	0.000623049	0.000758268	0.000858399	0.000846283	0.000894759	0.00088967	0.000831447	0.00089882	0.000807892	0.000705482	0.000639255	0.000286491	0	0	0	0	0
d1_16	0.000529145	0.00060078	0.000673497	0.000853525	0.000742411	0.000782104	0.000846734	0.000812333	0.000784689	0.000754606	0.000387515	0	0	0	0	0	0
d1_17	0.000417996	0.00052508	0.000581546	0.000694028	0.000772027	0.000807544	0.000742122	0.000771223	0.000838607	0.0003736	0	0	0	0	0	0	0
d1_18	0.00031896	0.000395659	0.000529087	0.000657581	0.000733031	0.000679392	0.000775902	0.000758144	0.0003768	0	0	0	0	0	0	0	0
d1_19	0.000263919	0.000421068	0.000466887	0.000599307	0.00059355	0.000742112	0.000743184	0.0003736	0	0	0	0	0	0	0	0	0
d1_20	0.000209197	0.000301765	0.000399343	0.000519907	0.000562713	0.00069604	0.000387515	0	0	0	0	0	0	0	0	0	0
d1_21	0.000166665	0.000247959	0.000356712	0.000481728	0.000471487	0.000286491	0	0	0	0	0	0	0	0	0	0	0
d1_22	0.000133202	0.000249346	0.000296228	0.000406322	0.000243188	0	0	0	0	0	0	0	0	0	0	0	0
d1_23	0.000107445	0.000175865	0.0002291	0.00017372	0	0	0	0	0	0	0	0	0	0	0	0	0
d1_24	6.38836e-05	0.000167712	0.000106751	0	0	0	0	0	0	0	0	0	0	0	0	0	0
d1_25	5.95664e-05	6.81178e-05	0	0	0	0	0	0	0	0	0	0	0	0	0	0	0
d1_26	2.61169e-05	0	0	0	0	0	0	0	0	0	0	0	0	0	0	0	0
d1_27	0	0	0	0	0	0	0	0	0	0	0	0	0	0	0	0	0
d1_28	0	0	0	0	0	0	0	0	0	0	0	0	0	0	0	0	0
d1_29	0	0	0	0	0	0	0	0	0	0	0	0	0	0	0	0	0
d1_30	0	0	0	0	0	0	0	0	0	0	0	0	0	0	0	0	0
d1_31	0	0	0	0	0	0	0	0	0	0	0	0	0	0	0	0	0
d1_32	0	0	0	0	0	0	0	0	0	0	0	0	0	0	0	0	0
d1_33	0	0	0	0	0	0	0	0	0	0	0	0	0	0	0	0	0
d1_34	0	0	0	0	0	0	0	0	0	0	0	0	0	0	0	0	0
d1_35	0	0	0	0	0	0	0	0	0	0	0	0	0	0	0	0	0
d1_36	0	0	0	0	0	0	0	0	0	0	0	0	0	0	0	0	0
