	d0_0	d0_1	d0_2	d0_3	d0_4	d0_5	d0_6	d0_7	d0_8	d0_9	d0_10	d0_11	d0_12	d0_13	d0_14	d0_15	d0_16	d0_17	d0_18	d0_19	d0_20	d0_21	d0_22	d0_23	d0_24	d0_25	d0_26	d0_27	d0_28	d0_29	d0_30	d0_31	d0_32	d0_33	d0_34	d0_35	d0_36	d0_37	d0_38	d0_39	d0_40	d0_41	d0_42	d0_43	d0_44	d0_45	d0_46	d0_47	d0_48	d0_49	d0_50	d0_51	d0_52	d0_53	d0_54	d0_55	d0_56	d0_57	d0_58	d0_59	d0_60	d0_61	d0_62	d0_63	d0_64	d0_65	d0_66	d0_67	d0_68	d0_69	d0_70	d0_71	d0_72	d0_73	d0_74	d0_75	d0_76	d0_77	d0_78	d0_79	d0_80	d0_81	d0_82	d0_83	d0_84	d0_85	d0_86	d0_87	d0_88	d0_89	d0_90	d0_91	d0_92	d0_93	d0_94	d0_95	d0_96	d0_97	d0_98	d0_99	d0_100	d0_101	d0_102	d0_103	d0_104	d0_105	d0_106	d0_107	d0_108	d0_109	d0_110	d0_111	d0_112
d1_0	0	0.358	0.149188	0.0824669	0.0516993	0.0344097	0.0242588	0.0175878	0.0131919	0.010008	0.0078254	0.00624988	0.0049765	0.00406477	0.00338428	0.0028122	0.00237381	0.00201616	0.00175231	0.0015266	0.00128092	0.00116002	0.00101894	0.000924438	0.000799543	0.000710239	0.000656956	0.000593363	0.000530311	0.000467865	0.000435599	0.000380542	0.000348931	0.000320685	0.000285314	0.00027494	0.000247921	0.00024101	0.000201665	0.000186219	0.000156163	0.000166877	0.000147669	0.000133632	0.000115436	0.000111116	0.000109418	0.000105497	0.000102734	7.72412e-05	8.48793e-05	6.01298e-05	5.38295e-05	4.98928e-05	4.9451e-05	7.08565e-05	5.3631e-05	4.76369e-05	3.69518e-05	4.22876e-05	4.01013e-05	3.60796e-05	3.47824e-05	3.5831e-05	1.32485e-05	0	0	0	0	0	0	0	0	0	0	0	0	0	0	0	0	0	0	0	0	0	0	0	0	0	0	0	0	0	0	0	0	0	0	0	0	0	0	0	0	0	0	0	0	0	0	0	0
d1_1	0.0214692	0.00497103	0.00402694	0.00328324	0.00283303	0.00245175	0.00214257	0.00181711	0.0016237	0.00142771	0.00125063	0.00116801	0.00103513	0.000913876	0.000851569	0.00074475	0.000732241	0.000646756	0.000572037	0.000571157	0.000504137	0.000463177	0.000405509	0.000396478	0.00033739	0.000336995	0.000324553	0.000313277	0.000283804	0.000280715	0.000258219	0.000226209	0.000219624	0.000226186	0.000210705	0.000186354	0.000169164	0.000172308	0.000155987	0.000151746	0.00015273	0.000137483	0.000133535	0.000129231	0.00013304	9.45747e-05	9.14023e-05	0.000104957	8.65721e-05	7.82594e-05	7.53356e-05	9.74773e-05	6.24499e-05	6.75229e-05	6.82375e-05	6.54236e-05	6.79216e-05	5.20009e-05	5.34426e-05	4.5083e-05	4.90527e-05	4.38922e-05	4.39158e-05	2.52508e-05	0	0	0	0	0	0	0	0	0	0	0	0	0	0	0	0	0	0	0	0	0	0	0	0	0	0	0	0	0	0	0	0	0	0	0	0	0	0	0	0	0	0	0	0	0	0	0	0	0
d1_2	0.00768124	0.00287651	0.00238975	0.00207863	0.0018431	0.00157125	0.00141981	0.00128589	0.00111752	0.00100312	0.000949928	0.000867465	0.000758986	0.000698796	0.00064321	0.000622799	0.000575954	0.000513017	0.000476238	0.000427543	0.000435515	0.000391108	0.0003882	0.000348909	0.000358818	0.000337831	0.00029107	0.000285587	0.000261103	0.000260884	0.000237572	0.000248399	0.000214496	0.000199357	0.000189916	0.000193488	0.000176655	0.000173896	0.00016808	0.000156376	0.000155763	0.000155134	0.000144709	0.000139445	0.000131052	0.000108803	0.000110067	0.000111666	0.00012487	9.07324e-05	0.000106947	0.000105298	8.46104e-05	8.65808e-05	8.67767e-05	8.1241e-05	8.59625e-05	8.6089e-05	8.09857e-05	6.37883e-05	6.7398e-05	7.04314e-05	3.10279e-05	0	0	0	0	0	0	0	0	0	0	0	0	0	0	0	0	0	0	0	0	0	0	0	0	0	0	0	0	0	0	0	0	0	0	0	0	0	0	0	0	0	0	0	0	0	0	0	0	0	0
d1_3	0.00338257	0.00166679	0.00145726	0.00130871	0.00117565	0.00108543	0.00100919	0.000887409	0.000832236	0.000748005	0.000700375	0.000620663	0.000556569	0.0005648	0.000519837	0.000499786	0.000465963	0.000436372	0.000396664	0.000382598	0.000381262	0.000357801	0.000326982	0.000297844	0.000302389	0.000261869	0.00026727	0.000252705	0.000256829	0.000244258	0.000234296	0.00020844	0.000205485	0.000203478	0.000186862	0.000182059	0.000171728	0.000179909	0.000172414	0.0001691	0.000160801	0.000145903	0.000151597	0.000149777	0.00013831	0.000140846	0.000133546	0.000119653	0.000122478	0.000112909	0.000104017	0.000115604	0.000107702	0.000110295	9.98162e-05	9.94693e-05	8.90695e-05	9.13766e-05	8.6859e-05	8.92109e-05	7.92293e-05	4.55506e-05	0	0	0	0	0	0	0	0	0	0	0	0	0	0	0	0	0	0	0	0	0	0	0	0	0	0	0	0	0	0	0	0	0	0	0	0	0	0	0	0	0	0	0	0	0	0	0	0	0	0	0
d1_4	0.00161335	0.000983624	0.000902953	0.000830877	0.000771587	0.000727551	0.000674174	0.000647454	0.000586057	0.000546768	0.000507674	0.00048485	0.000465893	0.000434176	0.000389122	0.000412474	0.000360822	0.000358093	0.000325962	0.000314574	0.000298164	0.000275952	0.000292935	0.000277412	0.00025761	0.000263017	0.000237715	0.000233445	0.000241262	0.000219239	0.000205311	0.000208258	0.000201428	0.000186251	0.00021047	0.000188771	0.000170792	0.000165427	0.000171186	0.000173051	0.000161567	0.000160922	0.00014011	0.000129078	0.000136504	0.000139956	0.000134863	0.000120289	0.000132286	0.00011489	0.000117997	0.000108751	0.000105481	0.000110708	0.00011012	0.000109941	9.87964e-05	0.000111569	0.000102598	8.95199e-05	4.91813e-05	0	0	0	0	0	0	0	0	0	0	0	0	0	0	0	0	0	0	0	0	0	0	0	0	0	0	0	0	0	0	0	0	0	0	0	0	0	0	0	0	0	0	0	0	0	0	0	0	0	0	0	0
d1_5	0.000779345	0.000588717	0.000545833	0.000541231	0.000517594	0.00050746	0.000481612	0.000437342	0.000400312	0.000417096	0.000362316	0.000376343	0.000353531	0.000343832	0.00032204	0.000328178	0.000282875	0.000281407	0.000265312	0.00026616	0.000258646	0.000250152	0.00023337	0.000244714	0.000223276	0.000218291	0.000218837	0.000189213	0.000213694	0.000196775	0.000202015	0.000179963	0.000185128	0.000166457	0.000176636	0.000162521	0.000155003	0.000173784	0.000163248	0.000158645	0.00016417	0.000142642	0.000139384	0.000154393	0.000143193	0.000149447	0.000129523	0.00013338	0.000112752	0.000126628	0.000124216	0.000131905	0.000123501	0.000115436	0.000135266	0.000108906	0.000108747	9.53512e-05	0.000111942	5.43425e-05	0	0	0	0	0	0	0	0	0	0	0	0	0	0	0	0	0	0	0	0	0	0	0	0	0	0	0	0	0	0	0	0	0	0	0	0	0	0	0	0	0	0	0	0	0	0	0	0	0	0	0	0	0
d1_6	0.000379734	0.000326884	0.000338214	0.000322378	0.000331983	0.000328599	0.000316069	0.000313464	0.000307401	0.000274504	0.000285527	0.000251785	0.000265421	0.000248804	0.00025295	0.000246474	0.000234779	0.000233618	0.000210467	0.000231714	0.000228257	0.000198141	0.000214088	0.000206517	0.000193131	0.000186331	0.000203375	0.000176571	0.000183673	0.000190631	0.000164066	0.000156322	0.00016637	0.000156782	0.000172344	0.000144546	0.000166202	0.000136333	0.000143476	0.000157083	0.000143555	0.000144388	0.000128002	0.000144663	0.000160204	0.000135829	0.000140584	0.000125953	0.000143392	0.000108925	0.000131226	0.000126382	0.000120282	0.000127652	0.000137404	0.000124301	0.000119504	0.000109162	5.62824e-05	0	0	0	0	0	0	0	0	0	0	0	0	0	0	0	0	0	0	0	0	0	0	0	0	0	0	0	0	0	0	0	0	0	0	0	0	0	0	0	0	0	0	0	0	0	0	0	0	0	0	0	0	0	0
d1_7	0.000201228	0.000181821	0.000210745	0.000216039	0.000225419	0.000221353	0.000219556	0.00022095	0.000237014	0.000221753	0.000224383	0.000216239	0.000187333	0.000191307	0.000201473	0.000189196	0.000188531	0.000188283	0.000186823	0.000167518	0.000160177	0.000161698	0.000173616	0.000165347	0.000163839	0.000158557	0.000160395	0.000172204	0.000149441	0.000156253	0.000145671	0.000165376	0.00012866	0.000140388	0.000129916	0.000133737	0.000142701	0.000145181	0.000139339	0.000149349	0.000141236	0.000135342	0.000142738	0.000132315	0.000128112	0.000125227	0.000135831	0.000113746	0.000129654	0.000131325	0.000134072	0.00011275	0.000120008	0.000113159	0.000117244	0.000109714	0.000118875	6.08012e-05	0	0	0	0	0	0	0	0	0	0	0	0	0	0	0	0	0	0	0	0	0	0	0	0	0	0	0	0	0	0	0	0	0	0	0	0	0	0	0	0	0	0	0	0	0	0	0	0	0	0	0	0	0	0	0
d1_8	8.74264e-05	0.000101207	0.000113429	0.00012604	0.000138759	0.000146223	0.000146774	0.000156553	0.000151728	0.000142184	0.00015739	0.000151699	0.000151991	0.000146959	0.000149135	0.000146884	0.000151619	0.000156693	0.000143903	0.000148069	0.000155493	0.000138413	0.000138107	0.00014148	0.000141886	0.00014345	0.000147136	0.000135949	0.000137985	0.00012672	0.000132434	0.000136705	0.000132383	0.00013357	0.000131818	0.000143455	0.00013424	0.000130506	0.000131661	0.000118459	0.000128852	0.000119903	0.000123807	0.000149712	0.000129009	0.00012801	0.00012151	0.000116969	0.000116218	0.00012556	0.000120512	0.000136156	0.000126017	0.00012965	0.000125021	0.000121659	6.33243e-05	0	0	0	0	0	0	0	0	0	0	0	0	0	0	0	0	0	0	0	0	0	0	0	0	0	0	0	0	0	0	0	0	0	0	0	0	0	0	0	0	0	0	0	0	0	0	0	0	0	0	0	0	0	0	0	0
d1_9	4.60198e-05	5.02773e-05	7.0558e-05	7.49592e-05	7.14298e-05	8.95704e-05	9.86391e-05	8.88889e-05	9.36587e-05	0.000100786	0.000114965	0.000109023	0.00011351	0.000113374	0.000106393	0.000106811	0.000116128	0.000108075	0.000100733	0.000106857	0.00012008	0.000118897	0.000112172	0.000110226	0.000114733	0.000114306	0.000125199	9.54568e-05	0.000110753	9.8026e-05	0.000100824	0.000115528	0.000113064	0.000112758	0.000121889	0.000104191	0.000109715	0.000113688	0.000104619	9.64906e-05	0.000111207	0.000108607	0.000113343	0.000104411	0.000129659	0.000117799	0.000114466	0.000120257	0.000122666	0.000109399	0.000128433	0.00010881	0.000130621	0.000124767	0.000127739	6.08012e-05	0	0	0	0	0	0	0	0	0	0	0	0	0	0	0	0	0	0	0	0	0	0	0	0	0	0	0	0	0	0	0	0	0	0	0	0	0	0	0	0	0	0	0	0	0	0	0	0	0	0	0	0	0	0	0	0	0
d1_10	1.6648e-05	2.21011e-05	4.1057e-05	4.36295e-05	4.46732e-05	5.41559e-05	5.34983e-05	6.88399e-05	6.46347e-05	7.11787e-05	7.76824e-05	7.58899e-05	7.80314e-05	7.1667e-05	7.18442e-05	7.9088e-05	7.22825e-05	8.53112e-05	7.98824e-05	9.69712e-05	8.91287e-05	9.10065e-05	8.38882e-05	8.64832e-05	7.65564e-05	8.48514e-05	8.55075e-05	8.52384e-05	8.78563e-05	9.30757e-05	8.87308e-05	9.06821e-05	8.44555e-05	9.29954e-05	0.000100599	8.87398e-05	8.76013e-05	9.94057e-05	0.000100168	0.000102259	8.34367e-05	9.97457e-05	9.53153e-05	0.000120336	0.000101319	9.96616e-05	0.000120031	0.000106354	9.97253e-05	0.000110046	0.000125739	0.000104918	0.000110246	0.000100437	5.62824e-05	0	0	0	0	0	0	0	0	0	0	0	0	0	0	0	0	0	0	0	0	0	0	0	0	0	0	0	0	0	0	0	0	0	0	0	0	0	0	0	0	0	0	0	0	0	0	0	0	0	0	0	0	0	0	0	0	0	0
d1_11	8.46535e-06	1.29307e-05	1.67736e-05	1.96627e-05	2.41438e-05	3.08944e-05	3.68255e-05	4.41582e-05	3.75444e-05	4.5354e-05	3.8788e-05	4.32235e-05	5.13106e-05	5.53162e-05	4.77836e-05	5.98841e-05	5.24969e-05	6.09432e-05	6.41415e-05	5.78737e-05	6.18283e-05	6.10264e-05	7.20088e-05	6.57469e-05	7.24219e-05	7.24989e-05	7.51229e-05	7.93751e-05	6.26626e-05	6.86641e-05	7.14156e-05	7.06595e-05	7.67701e-05	7.80239e-05	7.57455e-05	7.16028e-05	6.28881e-05	6.54806e-05	7.71314e-05	8.16773e-05	8.27406e-05	8.02902e-05	8.57098e-05	9.59598e-05	8.72224e-05	8.82389e-05	8.13911e-05	0.000104297	0.000100541	0.00010006	0.000103568	8.42099e-05	0.000121948	5.43425e-05	0	0	0	0	0	0	0	0	0	0	0	0	0	0	0	0	0	0	0	0	0	0	0	0	0	0	0	0	0	0	0	0	0	0	0	0	0	0	0	0	0	0	0	0	0	0	0	0	0	0	0	0	0	0	0	0	0	0	0
d1_12	2.04187e-06	6.86639e-06	8.27853e-06	1.69823e-05	1.35887e-05	1.49043e-05	1.91447e-05	1.98265e-05	2.33781e-05	2.45775e-05	2.70631e-05	2.85318e-05	3.61388e-05	3.77777e-05	3.08224e-05	4.07241e-05	3.49213e-05	3.76325e-05	3.57517e-05	4.25562e-05	3.87384e-05	4.25673e-05	4.67957e-05	4.3957e-05	4.70756e-05	4.93025e-05	5.62156e-05	4.94041e-05	6.25786e-05	4.36683e-05	4.5881e-05	4.96672e-05	6.7766e-05	5.59206e-05	5.9724e-05	5.58035e-05	5.78505e-05	6.5538e-05	5.65262e-05	7.52269e-05	7.2392e-05	7.48526e-05	6.60959e-05	8.43483e-05	8.26538e-05	8.25024e-05	7.83296e-05	7.85696e-05	9.07388e-05	0.000101145	8.56556e-05	0.000107084	4.91813e-05	0	0	0	0	0	0	0	0	0	0	0	0	0	0	0	0	0	0	0	0	0	0	0	0	0	0	0	0	0	0	0	0	0	0	0	0	0	0	0	0	0	0	0	0	0	0	0	0	0	0	0	0	0	0	0	0	0	0	0	0
d1_13	1.62168e-06	3.38361e-06	3.42892e-06	4.31136e-06	7.16615e-06	8.03847e-06	9.83615e-06	1.19165e-05	1.35113e-05	1.57334e-05	1.55338e-05	1.7591e-05	2.03444e-05	2.23071e-05	2.24212e-05	1.94889e-05	2.09651e-05	2.97986e-05	2.36113e-05	2.4561e-05	2.89464e-05	2.88553e-05	2.69346e-05	3.0117e-05	2.98542e-05	2.69979e-05	3.93675e-05	4.11904e-05	3.96632e-05	3.41599e-05	3.59495e-05	3.39995e-05	4.01935e-05	3.97462e-05	4.80038e-05	4.25166e-05	4.54815e-05	4.92589e-05	5.2066e-05	4.9942e-05	5.17481e-05	5.94542e-05	6.3321e-05	5.11456e-05	6.18604e-05	6.35151e-05	7.0782e-05	6.68618e-05	6.84048e-05	8.63662e-05	7.25883e-05	4.55506e-05	0	0	0	0	0	0	0	0	0	0	0	0	0	0	0	0	0	0	0	0	0	0	0	0	0	0	0	0	0	0	0	0	0	0	0	0	0	0	0	0	0	0	0	0	0	0	0	0	0	0	0	0	0	0	0	0	0	0	0	0	0
d1_14	5.20558e-07	6.70593e-07	1.57192e-06	1.69748e-06	2.63633e-06	4.35603e-06	6.51641e-06	4.75904e-06	4.99349e-06	6.79e-06	9.54971e-06	9.00331e-06	7.25338e-06	1.21434e-05	1.25917e-05	1.50108e-05	1.28954e-05	1.67908e-05	1.32969e-05	1.28055e-05	1.96752e-05	1.73892e-05	1.93609e-05	1.76116e-05	2.10135e-05	1.7495e-05	2.50424e-05	2.14581e-05	2.64102e-05	2.52816e-05	2.77577e-05	2.53267e-05	2.74594e-05	3.12747e-05	2.63744e-05	3.16534e-05	3.77561e-05	2.8102e-05	3.28108e-05	3.8306e-05	4.81164e-05	4.41067e-05	4.0275e-05	3.91218e-05	4.3696e-05	4.8537e-05	4.57037e-05	4.63214e-05	6.21674e-05	5.78949e-05	3.10279e-05	0	0	0	0	0	0	0	0	0	0	0	0	0	0	0	0	0	0	0	0	0	0	0	0	0	0	0	0	0	0	0	0	0	0	0	0	0	0	0	0	0	0	0	0	0	0	0	0	0	0	0	0	0	0	0	0	0	0	0	0	0	0
d1_15	3.08838e-09	6.15862e-07	1.35733e-07	2.78446e-07	1.38755e-06	2.00407e-06	2.41905e-06	2.33246e-06	1.8887e-06	2.9462e-06	4.75817e-06	6.59026e-06	5.73073e-06	3.15233e-06	5.88155e-06	4.16911e-06	5.69001e-06	5.77111e-06	7.03276e-06	6.34591e-06	1.01271e-05	1.01405e-05	1.07322e-05	9.55064e-06	1.63276e-05	1.1055e-05	1.4087e-05	1.7312e-05	1.34512e-05	1.63325e-05	1.43303e-05	1.96026e-05	2.31905e-05	1.4373e-05	1.42951e-05	2.35047e-05	2.24614e-05	2.40642e-05	2.77199e-05	2.12213e-05	2.87137e-05	2.70863e-05	3.43563e-05	3.26322e-05	2.80833e-05	3.94596e-05	3.70208e-05	4.70532e-05	3.75372e-05	2.52508e-05	0	0	0	0	0	0	0	0	0	0	0	0	0	0	0	0	0	0	0	0	0	0	0	0	0	0	0	0	0	0	0	0	0	0	0	0	0	0	0	0	0	0	0	0	0	0	0	0	0	0	0	0	0	0	0	0	0	0	0	0	0	0	0
d1_16	0	0	3.06646e-08	1.09792e-07	3.27357e-07	5.49659e-07	1.17774e-07	1.43634e-06	6.93926e-07	1.42946e-06	1.11888e-06	2.67331e-06	2.53214e-06	2.91313e-06	2.18301e-06	2.67895e-06	1.25543e-06	2.42324e-06	1.87275e-06	2.31328e-06	3.02298e-06	4.47159e-06	2.92592e-06	4.69388e-06	5.99007e-06	5.23718e-06	1.08637e-05	9.04444e-06	7.84289e-06	6.84208e-06	1.10223e-05	7.15492e-06	9.82004e-06	1.07483e-05	1.09402e-05	1.1899e-05	1.86917e-05	1.39731e-05	1.81692e-05	1.58753e-05	2.03158e-05	1.84207e-05	1.58302e-05	2.44532e-05	1.87198e-05	2.25324e-05	2.68384e-05	2.25434e-05	1.32485e-05	0	0	0	0	0	0	0	0	0	0	0	0	0	0	0	0	0	0	0	0	0	0	0	0	0	0	0	0	0	0	0	0	0	0	0	0	0	0	0	0	0	0	0	0	0	0	0	0	0	0	0	0	0	0	0	0	0	0	0	0	0	0	0	0
